17 17 17 17 17 17 17 17 17 17 17 1 1 16 4 16 1 1 1 1 1 17 17 1 0 18 18 18 0 1 1 1 17 17 17 17 17 17 17 17 17 17 16 4 16 17 17 17 17 17 17 17 17 17 17 17 16 2 17 17 17 17 17 17 17 17 17 17 2 16 1 1 1 1 1 1 1 1 1 1 
17 17 17 17 17 17 17 1 1 1 1 1 0 16 4 16 0 0 0 0 1 1 1 1 0 18 18 18 0 0 0 1 1 1 1 1 1 1 1 1 1 17 16 4 16 17 17 17 17 17 17 17 17 17 17 17 16 2 17 17 17 17 17 17 17 17 17 17 2 16 0 0 0 0 0 0 0 0 0 1 
17 17 17 17 1 1 1 1 0 0 0 0 0 16 4 16 0 0 0 0 0 0 0 0 0 0 18 18 0 0 0 0 0 0 0 0 0 0 0 0 1 1 16 4 16 17 17 17 17 17 17 17 17 1 1 1 16 2 17 17 17 17 17 17 17 17 17 17 2 16 0 0 0 0 0 0 0 0 0 1 
17 17 17 1 1 0 0 0 0 0 0 16 16 16 4 16 16 16 0 0 0 0 0 0 0 0 18 18 18 0 0 0 0 0 0 0 0 16 16 16 16 16 16 4 16 16 16 16 16 16 1 1 1 1 0 0 16 2 17 17 17 17 17 17 17 17 17 2 2 16 0 0 0 0 0 0 0 0 0 1 
17 17 17 1 0 0 0 0 0 18 0 16 4 4 4 4 4 16 0 0 18 18 0 0 0 0 18 18 18 0 0 18 0 0 0 0 0 16 4 4 4 4 4 4 4 4 4 4 4 16 0 0 0 0 0 0 16 2 17 17 17 17 17 17 2 2 2 2 16 16 0 0 0 0 0 0 0 0 0 1 
17 17 1 1 0 0 0 0 18 18 0 16 4 16 16 16 16 16 0 0 0 0 0 0 0 0 0 18 18 0 0 0 0 0 0 18 0 16 4 16 16 16 16 16 16 16 16 16 16 16 0 0 0 18 18 0 16 2 17 17 17 2 2 2 2 16 16 16 16 0 0 0 0 0 0 0 0 0 0 1 
17 17 1 0 0 0 0 0 0 0 0 16 16 16 0 0 0 0 0 0 0 0 0 0 0 0 0 18 18 0 0 0 0 0 0 0 0 16 16 16 0 0 0 0 0 0 0 0 0 0 0 0 0 0 18 0 16 2 2 2 2 2 16 16 16 16 0 0 0 0 0 0 0 0 0 0 0 0 0 1 
17 17 1 0 0 0 0 0 0 0 0 0 0 0 0 0 0 0 0 0 0 0 0 0 0 0 0 18 0 0 0 0 0 0 0 0 0 0 0 0 0 0 0 0 0 0 0 0 0 0 0 0 0 0 0 0 16 16 2 16 16 16 16 0 0 0 0 0 0 0 0 0 0 0 0 0 0 0 0 1 
17 17 1 0 0 0 0 0 0 0 0 0 0 0 0 0 0 0 0 0 0 0 0 0 0 0 0 0 0 0 0 0 0 0 0 0 0 0 0 0 0 0 0 0 0 0 0 0 0 0 0 0 0 0 0 0 0 16 16 16 0 0 0 0 0 0 0 0 0 0 0 0 0 0 0 0 0 0 0 1 
17 17 1 0 0 0 0 0 0 0 0 0 0 0 0 0 0 0 0 0 0 0 0 0 0 0 0 0 0 0 0 0 0 0 0 0 0 0 0 0 0 0 0 0 0 0 0 0 0 0 0 0 0 0 0 0 0 0 0 0 0 0 0 0 0 0 0 0 0 0 0 0 0 0 0 0 0 0 0 1 
17 17 1 0 0 0 0 0 0 0 0 0 0 0 0 0 0 0 16 16 16 0 0 0 0 0 0 0 0 0 18 0 0 0 0 0 0 0 0 0 0 0 0 0 0 0 0 16 16 16 0 0 0 0 0 0 0 0 0 0 0 0 0 0 0 0 0 0 0 16 16 16 0 0 0 0 0 0 0 1 
17 17 1 0 0 0 0 0 0 0 0 0 0 0 16 16 16 16 16 4 16 0 0 0 0 0 0 0 0 18 18 0 0 0 0 0 0 16 16 16 16 16 16 16 16 16 16 16 4 16 0 18 18 0 0 0 0 0 0 0 0 0 0 0 0 0 16 16 16 16 2 16 16 0 0 0 0 0 0 1 
17 17 1 0 0 0 0 0 0 0 18 18 0 0 16 4 4 4 4 4 16 0 0 0 18 0 0 0 0 18 18 18 0 0 0 0 0 16 4 4 4 4 4 4 4 4 4 4 4 16 0 18 18 0 0 0 0 0 0 0 0 0 0 16 16 16 16 2 2 2 2 2 16 0 0 0 0 0 0 1 
17 17 1 1 0 0 0 0 0 0 18 18 0 0 16 16 16 4 16 16 16 0 0 0 0 0 0 0 0 0 18 18 0 0 18 0 0 16 16 16 16 16 16 4 16 16 16 16 16 16 0 0 0 0 0 0 18 18 0 0 16 16 16 16 2 2 2 2 17 17 17 2 16 0 17 0 0 17 0 1 
17 17 17 1 0 0 18 0 0 0 0 0 0 0 0 0 16 4 16 0 0 0 0 0 0 0 0 0 0 0 18 18 18 0 0 0 0 0 0 0 0 0 16 4 16 0 0 0 0 0 0 0 0 0 0 0 0 0 0 16 16 2 2 2 2 17 17 17 17 17 17 2 16 0 17 0 0 17 0 1 
17 17 17 1 1 0 0 0 0 0 0 0 0 0 0 0 16 4 16 1 1 1 0 0 0 0 0 0 0 0 18 18 18 0 0 0 0 0 0 0 0 0 16 4 16 0 0 0 0 0 0 0 0 1 1 1 1 0 0 16 2 2 17 17 17 17 17 17 17 17 17 2 16 0 0 0 0 0 0 1 
17 17 17 17 1 1 1 0 0 0 0 0 0 0 1 1 16 4 16 17 17 1 1 1 1 1 0 0 0 0 0 18 18 0 0 1 1 1 1 0 0 0 16 4 16 0 1 1 1 1 1 1 1 1 17 17 1 1 1 16 2 17 17 17 17 17 17 17 17 17 17 2 16 0 17 0 0 17 0 1 
17 17 17 17 17 17 1 1 1 1 1 1 1 1 1 17 16 4 16 17 17 17 17 17 17 1 1 1 1 1 0 18 18 18 0 1 17 17 17 1 1 1 16 4 16 1 1 17 17 17 17 17 17 17 17 17 17 17 17 16 2 17 17 17 17 17 17 17 17 17 17 2 16 0 17 17 17 17 0 1 
17 17 17 17 17 17 17 17 17 17 17 17 17 17 17 17 16 4 16 17 17 17 17 17 17 17 17 17 17 1 0 18 18 18 0 1 17 17 17 17 17 17 16 4 16 17 17 17 17 17 17 17 17 17 17 17 17 17 17 16 2 17 17 17 17 17 17 17 17 17 17 2 16 0 0 0 0 0 0 1 
17 17 17 17 17 17 17 17 17 17 17 17 17 17 17 17 16 4 16 17 17 17 17 17 17 17 17 17 17 1 0 18 18 18 0 1 17 17 17 17 17 17 16 4 16 17 17 17 17 17 17 17 17 17 17 17 17 17 17 16 2 17 17 17 17 17 17 17 17 17 17 2 16 1 1 1 1 1 1 1 


0 
0 
0 
0 
0 0
0 0
0 0
0 0
0 0
0 0
0 0
0 0
0 
0 
0 
0 
65 
0 
50 
50 
0 
0 
0 
0 
0 
0 
0 
0 
0 0
0 0
0 0
0 0
0 0
0 0
0 0
0 0
8
9
0
30
25
0
20 1
20 1
 0
 1
 0

0 0 0 0  0 0 0 0  216 78 56 255  216 78 56 255  216 78 56 255  216 78 56 255  216 78 56 255  0 0 0 0  
0 0 0 0  216 78 56 255  251 199 182 255  251 199 182 255  251 199 182 255  251 199 182 255  251 199 182 255  0 0 0 0  
0 0 0 0  200 200 200 255  251 199 182 255  0 0 0 255  251 199 182 255  251 199 182 255  0 0 0 255  0 0 0 0  
255 255 255 255  200 200 200 255  251 199 182 255  251 199 182 255  251 199 182 255  251 199 182 255  251 199 182 255  0 0 0 0  
255 255 255 255  200 200 200 255  206 240 207 255  225 195 153 255  206 240 207 255  206 240 207 255  225 195 153 255  0 0 0 0  
200 200 200 255  200 200 200 255  206 240 207 255  251 199 182 255  206 240 207 255  206 240 207 255  251 199 182 255  0 0 0 0  
127 127 127 255  127 127 127 255  76 165 182 255  76 165 182 255  76 165 182 255  76 165 182 255  76 165 182 255  0 0 0 0  
0 0 0 0  0 0 0 0  0 0 0 0  76 165 182 255  0 0 0 0  0 0 0 0  76 165 182 255  0 0 0 0  


255 255 255 255  255 255 255 255  255 255 255 255  255 255 255 255  255 255 255 255  255 255 255 255  255 255 255 255  255 255 255 255  
255 255 255 255  0 0 0 223  0 0 0 223  0 0 0 223  0 0 0 223  0 0 0 223  0 0 0 223  255 255 255 255  
255 255 255 255  0 0 0 223  0 0 0 191  0 0 0 191  0 0 0 191  0 0 0 191  0 0 0 223  255 255 255 255  
255 255 255 255  0 0 0 223  0 0 0 191  0 0 0 159  0 0 0 159  0 0 0 191  0 0 0 223  255 255 255 255  
255 255 255 255  0 0 0 223  0 0 0 191  0 0 0 159  0 0 0 159  0 0 0 191  0 0 0 223  255 255 255 255  
255 255 255 255  0 0 0 223  0 0 0 191  0 0 0 191  0 0 0 191  0 0 0 191  0 0 0 223  255 255 255 255  
255 255 255 255  0 0 0 223  0 0 0 223  0 0 0 223  0 0 0 223  0 0 0 223  0 0 0 223  255 255 255 255  
255 255 255 255  255 255 255 255  255 255 255 255  255 255 255 255  255 255 255 255  255 255 255 255  255 255 255 255  255 255 255 255  

0 0 0 0  0 0 0 0  0 0 0 0  0 0 0 0  0 0 0 0  0 0 0 0  0 0 0 0  0 0 0 0  
0 0 0 0  0 0 0 0  0 0 0 0  0 0 0 0  0 0 0 0  0 0 0 0  0 0 0 0  0 0 0 0  
0 0 0 0  0 0 0 0  0 0 0 0  0 0 0 0  0 0 0 0  0 0 0 0  0 0 0 0  0 0 0 0  
0 0 0 0  0 0 0 0  0 0 0 0  0 0 0 0  0 0 0 0  0 0 0 0  0 0 0 0  0 0 0 0  
0 0 0 0  0 0 0 0  0 0 0 0  0 0 0 0  0 0 0 0  0 0 0 0  0 0 0 0  0 0 0 0  
0 0 0 0  0 0 0 0  0 0 0 0  0 0 0 0  0 0 0 0  0 0 0 0  0 0 0 0  0 0 0 0  
0 0 0 0  0 0 0 0  0 0 0 0  0 0 0 0  0 0 0 0  0 0 0 0  0 0 0 0  0 0 0 0  
0 0 0 0  0 0 0 0  0 0 0 0  0 0 0 0  0 0 0 0  0 0 0 0  0 0 0 0  0 0 0 0  

0 0 0 0  0 0 0 0  0 0 0 0  0 0 0 0  0 0 0 0  0 0 0 0  0 0 0 0  0 0 0 0  
0 0 0 0  0 0 0 0  0 0 0 0  0 0 0 0  0 0 0 0  0 0 0 0  0 0 0 0  0 0 0 0  
0 0 0 0  0 0 0 0  0 0 0 0  0 0 0 0  0 0 0 0  0 0 0 0  0 0 0 0  0 0 0 0  
0 0 0 0  0 0 0 0  0 0 0 0  0 0 0 0  0 0 0 0  0 0 0 0  0 0 0 0  0 0 0 0  
0 0 0 0  0 0 0 0  0 0 0 0  0 0 0 0  0 0 0 0  0 0 0 0  0 0 0 0  0 0 0 0  
0 0 0 0  0 0 0 0  0 0 0 0  0 0 0 0  0 0 0 0  0 0 0 0  0 0 0 0  0 0 0 0  
0 0 0 0  0 0 0 0  0 0 0 0  0 0 0 0  0 0 0 0  0 0 0 0  0 0 0 0  0 0 0 0  
0 0 0 0  0 0 0 0  0 0 0 0  0 0 0 0  0 0 0 0  0 0 0 0  0 0 0 0  0 0 0 0  

0 0 0 95  0 0 0 95  0 0 0 0  0 0 0 95  0 0 0 95  0 0 0 0  0 0 0 95  0 0 0 95  
0 0 0 95  0 0 0 95  0 0 0 0  0 0 0 95  0 0 0 95  0 0 0 0  0 0 0 95  0 0 0 95  
0 0 0 0  0 0 0 0  0 0 0 0  0 0 0 0  0 0 0 0  0 0 0 0  0 0 0 0  0 0 0 0  
0 0 0 95  0 0 0 95  0 0 0 0  0 0 0 127  0 0 0 127  0 0 0 0  0 0 0 95  0 0 0 95  
0 0 0 95  0 0 0 95  0 0 0 0  0 0 0 127  0 0 0 127  0 0 0 0  0 0 0 95  0 0 0 95  
0 0 0 0  0 0 0 0  0 0 0 0  0 0 0 0  0 0 0 0  0 0 0 0  0 0 0 0  0 0 0 0  
0 0 0 95  0 0 0 95  0 0 0 0  0 0 0 95  0 0 0 95  0 0 0 0  0 0 0 95  0 0 0 95  
0 0 0 95  0 0 0 95  0 0 0 0  0 0 0 95  0 0 0 95  0 0 0 0  0 0 0 95  0 0 0 95  

0 0 0 0  0 0 0 0  0 0 0 0  0 0 0 0  0 0 0 0  0 0 0 0  0 0 0 0  0 0 0 0  
0 0 0 0  0 0 0 0  0 0 0 0  0 0 0 0  0 0 0 0  0 0 0 0  0 0 0 0  0 0 0 0  
0 0 0 0  0 0 0 0  0 0 0 0  0 0 0 0  0 0 0 0  0 0 0 0  0 0 0 0  0 0 0 0  
0 0 0 0  0 0 0 0  0 0 0 0  0 0 0 0  0 0 0 0  0 0 0 0  0 0 0 0  0 0 0 0  
0 0 0 0  0 0 0 0  0 0 0 0  0 0 0 0  0 0 0 0  0 0 0 0  0 0 0 0  0 0 0 0  
0 0 0 0  0 0 0 0  0 0 0 0  0 0 0 0  0 0 0 0  0 0 0 0  0 0 0 0  0 0 0 0  
0 0 0 0  0 0 0 0  0 0 0 0  0 0 0 0  0 0 0 0  0 0 0 0  0 0 0 0  0 0 0 0  
0 0 0 0  0 0 0 0  0 0 0 0  0 0 0 0  0 0 0 0  0 0 0 0  0 0 0 0  0 0 0 0  

0 0 0 0  0 0 0 0  0 0 0 0  0 0 0 0  0 0 0 0  0 0 0 0  0 0 0 0  0 0 0 0  
0 0 0 0  0 0 0 0  0 0 0 0  0 0 0 0  0 0 0 0  0 0 0 0  0 0 0 0  0 0 0 0  
0 0 0 0  0 0 0 0  0 0 0 0  0 0 0 0  0 0 0 0  0 0 0 0  0 0 0 0  0 0 0 0  
0 0 0 0  0 0 0 0  0 0 0 0  0 0 0 0  0 0 0 0  0 0 0 0  0 0 0 0  0 0 0 0  
0 0 0 0  0 0 0 0  0 0 0 0  0 0 0 0  0 0 0 0  0 0 0 0  0 0 0 0  0 0 0 0  
0 0 0 0  0 0 0 0  0 0 0 0  0 0 0 0  0 0 0 0  0 0 0 0  0 0 0 0  0 0 0 0  
0 0 0 0  0 0 0 0  0 0 0 0  0 0 0 0  0 0 0 0  0 0 0 0  0 0 0 0  0 0 0 0  
0 0 0 0  0 0 0 0  0 0 0 0  0 0 0 0  0 0 0 0  0 0 0 0  0 0 0 0  0 0 0 0  

0 0 0 255  0 0 0 255  0 0 0 255  0 0 0 255  0 0 0 255  0 0 0 255  0 0 0 255  0 0 0 255  
0 0 0 255  0 0 0 255  0 0 0 255  0 0 0 255  0 0 0 255  0 0 0 255  0 0 0 255  0 0 0 255  
0 0 0 255  0 0 0 255  0 0 0 255  0 0 0 255  0 0 0 255  0 0 0 255  0 0 0 255  0 0 0 255  
0 0 0 255  0 0 0 255  0 0 0 255  0 0 0 255  0 0 0 255  0 0 0 255  0 0 0 255  0 0 0 255  
0 0 0 255  0 0 0 255  0 0 0 255  0 0 0 255  0 0 0 255  0 0 0 255  0 0 0 255  0 0 0 255  
0 0 0 255  0 0 0 255  0 0 0 255  0 0 0 255  0 0 0 255  0 0 0 255  0 0 0 255  0 0 0 255  
0 0 0 255  0 0 0 255  0 0 0 255  0 0 0 255  0 0 0 255  0 0 0 255  0 0 0 255  0 0 0 255  
0 0 0 255  0 0 0 255  0 0 0 255  0 0 0 255  0 0 0 255  0 0 0 255  0 0 0 255  0 0 0 255  

0 0 0 0  0 0 0 0  0 0 0 0  0 0 0 0  0 0 0 0  0 0 0 0  0 0 0 0  0 0 0 0  
0 0 0 0  0 0 0 0  0 0 0 0  0 0 0 0  0 0 0 0  0 0 0 0  0 0 0 0  0 0 0 0  
0 0 0 0  0 0 0 0  0 0 0 0  0 0 0 0  0 0 0 0  0 0 0 0  0 0 0 0  0 0 0 0  
0 0 0 0  0 0 0 0  0 0 0 0  0 0 0 0  0 0 0 0  0 0 0 0  0 0 0 0  0 0 0 0  
0 0 0 0  0 0 0 0  0 0 0 0  0 0 0 0  0 0 0 0  0 0 0 0  0 0 0 0  0 0 0 0  
0 0 0 0  0 0 0 0  0 0 0 0  0 0 0 0  0 0 0 0  0 0 0 0  0 0 0 0  0 0 0 0  
0 0 0 0  0 0 0 0  0 0 0 0  0 0 0 0  0 0 0 0  0 0 0 0  0 0 0 0  0 0 0 0  
0 0 0 0  0 0 0 0  0 0 0 0  0 0 0 0  0 0 0 0  0 0 0 0  0 0 0 0  0 0 0 0  

0 0 0 0  0 0 0 0  0 0 0 0  0 0 0 0  0 0 0 0  0 0 0 0  0 0 0 0  0 0 0 0  
0 0 0 0  0 0 0 0  0 0 0 0  0 0 0 0  0 0 0 0  0 0 0 0  0 0 0 0  0 0 0 0  
0 0 0 0  0 0 0 0  0 0 0 0  0 0 0 0  0 0 0 0  0 0 0 0  0 0 0 0  0 0 0 0  
0 0 0 0  0 0 0 0  0 0 0 0  0 0 0 0  0 0 0 0  0 0 0 0  0 0 0 0  0 0 0 0  
0 0 0 0  0 0 0 0  0 0 0 0  0 0 0 0  0 0 0 0  0 0 0 0  0 0 0 0  0 0 0 0  
0 0 0 0  0 0 0 0  0 0 0 0  0 0 0 0  0 0 0 0  0 0 0 0  0 0 0 0  0 0 0 0  
0 0 0 0  0 0 0 0  0 0 0 0  0 0 0 0  0 0 0 0  0 0 0 0  0 0 0 0  0 0 0 0  
0 0 0 0  0 0 0 0  0 0 0 0  0 0 0 0  0 0 0 0  0 0 0 0  0 0 0 0  0 0 0 0  

0 0 0 191  0 0 0 191  0 0 0 191  0 0 0 191  0 0 0 191  0 0 0 191  0 0 0 191  0 0 0 95  
0 0 0 191  0 0 0 223  0 0 0 223  0 0 0 223  0 0 0 223  0 0 0 223  0 0 0 191  0 0 0 95  
0 0 0 191  0 0 0 191  0 0 0 191  0 0 0 191  0 0 0 191  0 0 0 191  0 0 0 191  0 0 0 95  
0 0 0 95  0 0 0 95  0 0 0 95  0 0 0 95  0 0 0 95  0 0 0 95  0 0 0 95  0 0 0 95  
0 0 0 191  0 0 0 191  0 0 0 191  0 0 0 191  0 0 0 191  0 0 0 95  0 0 0 191  0 0 0 191  
0 0 0 223  0 0 0 223  0 0 0 223  0 0 0 223  0 0 0 191  0 0 0 95  0 0 0 191  0 0 0 223  
0 0 0 191  0 0 0 191  0 0 0 191  0 0 0 191  0 0 0 191  0 0 0 95  0 0 0 191  0 0 0 191  
0 0 0 95  0 0 0 95  0 0 0 95  0 0 0 95  0 0 0 95  0 0 0 95  0 0 0 95  0 0 0 95  

0 0 0 0  0 0 0 0  0 0 0 0  0 0 0 0  0 0 0 0  0 0 0 0  0 0 0 0  0 0 0 0  
0 0 0 0  0 0 0 0  0 0 0 0  0 0 0 0  0 0 0 0  0 0 0 0  0 0 0 0  0 0 0 0  
0 0 0 0  0 0 0 0  0 0 0 0  0 0 0 0  0 0 0 0  0 0 0 0  0 0 0 0  0 0 0 0  
0 0 0 0  0 0 0 0  0 0 0 0  0 0 0 0  0 0 0 0  0 0 0 0  0 0 0 0  0 0 0 0  
0 0 0 0  0 0 0 0  0 0 0 0  0 0 0 0  0 0 0 0  0 0 0 0  0 0 0 0  0 0 0 0  
0 0 0 0  0 0 0 0  0 0 0 0  0 0 0 0  0 0 0 0  0 0 0 0  0 0 0 0  0 0 0 0  
0 0 0 0  0 0 0 0  0 0 0 0  0 0 0 0  0 0 0 0  0 0 0 0  0 0 0 0  0 0 0 0  
0 0 0 0  0 0 0 0  0 0 0 0  0 0 0 0  0 0 0 0  0 0 0 0  0 0 0 0  0 0 0 0  

0 0 0 0  0 0 0 0  0 0 0 0  0 0 0 0  0 0 0 0  0 0 0 0  0 0 0 0  0 0 0 0  
0 0 0 0  0 0 0 0  0 0 0 0  0 0 0 0  0 0 0 0  0 0 0 0  0 0 0 0  0 0 0 0  
0 0 0 0  0 0 0 0  0 0 0 0  0 0 0 0  0 0 0 0  0 0 0 0  0 0 0 0  0 0 0 0  
0 0 0 0  0 0 0 0  0 0 0 0  0 0 0 0  0 0 0 0  0 0 0 0  0 0 0 0  0 0 0 0  
0 0 0 0  0 0 0 0  0 0 0 0  0 0 0 0  0 0 0 0  0 0 0 0  0 0 0 0  0 0 0 0  
0 0 0 0  0 0 0 0  0 0 0 0  0 0 0 0  0 0 0 0  0 0 0 0  0 0 0 0  0 0 0 0  
0 0 0 0  0 0 0 0  0 0 0 0  0 0 0 0  0 0 0 0  0 0 0 0  0 0 0 0  0 0 0 0  
0 0 0 0  0 0 0 0  0 0 0 0  0 0 0 0  0 0 0 0  0 0 0 0  0 0 0 0  0 0 0 0  

0 0 0 0  0 0 0 191  0 0 0 191  0 0 0 191  0 0 0 191  0 0 0 191  0 0 0 191  0 0 0 0  
0 0 0 191  0 0 0 159  0 0 0 159  0 0 0 159  0 0 0 159  0 0 0 159  0 0 0 127  0 0 0 159  
0 0 0 191  0 0 0 159  0 0 0 127  0 0 0 127  0 0 0 127  0 0 0 95  0 0 0 127  0 0 0 159  
0 0 0 191  0 0 0 159  0 0 0 127  0 0 0 127  0 0 0 95  0 0 0 95  0 0 0 127  0 0 0 159  
0 0 0 191  0 0 0 159  0 0 0 127  0 0 0 95  0 0 0 95  0 0 0 95  0 0 0 127  0 0 0 159  
0 0 0 191  0 0 0 159  0 0 0 95  0 0 0 95  0 0 0 95  0 0 0 95  0 0 0 127  0 0 0 159  
0 0 0 191  0 0 0 127  0 0 0 127  0 0 0 127  0 0 0 127  0 0 0 127  0 0 0 127  0 0 0 159  
0 0 0 0  0 0 0 159  0 0 0 159  0 0 0 159  0 0 0 159  0 0 0 159  0 0 0 159  0 0 0 0  

0 0 0 0  0 0 0 0  0 0 0 0  0 0 0 0  0 0 0 0  0 0 0 0  0 0 0 0  0 0 0 0  
0 0 0 0  0 0 0 0  0 0 0 0  0 0 0 0  0 0 0 0  0 0 0 0  0 0 0 0  0 0 0 0  
0 0 0 0  0 0 0 0  0 0 0 0  0 0 0 0  0 0 0 0  0 0 0 0  0 0 0 0  0 0 0 0  
0 0 0 0  0 0 0 0  0 0 0 0  0 0 0 0  0 0 0 0  0 0 0 0  0 0 0 0  0 0 0 0  
0 0 0 0  0 0 0 0  0 0 0 0  0 0 0 0  0 0 0 0  0 0 0 0  0 0 0 0  0 0 0 0  
0 0 0 0  0 0 0 0  0 0 0 0  0 0 0 0  0 0 0 0  0 0 0 0  0 0 0 0  0 0 0 0  
0 0 0 0  0 0 0 0  0 0 0 0  0 0 0 0  0 0 0 0  0 0 0 0  0 0 0 0  0 0 0 0  
0 0 0 0  0 0 0 0  0 0 0 0  0 0 0 0  0 0 0 0  0 0 0 0  0 0 0 0  0 0 0 0  

0 0 0 0  0 0 0 0  0 0 0 0  0 0 0 0  0 0 0 0  0 0 0 0  0 0 0 0  0 0 0 0  
0 0 0 0  0 0 0 0  0 0 0 0  0 0 0 0  0 0 0 0  0 0 0 0  0 0 0 0  0 0 0 0  
0 0 0 0  0 0 0 0  0 0 0 0  0 0 0 0  0 0 0 0  0 0 0 0  0 0 0 0  0 0 0 0  
0 0 0 0  0 0 0 0  0 0 0 0  0 0 0 0  0 0 0 0  0 0 0 0  0 0 0 0  0 0 0 0  
0 0 0 0  0 0 0 0  0 0 0 0  0 0 0 0  0 0 0 0  0 0 0 0  0 0 0 0  0 0 0 0  
0 0 0 0  0 0 0 0  0 0 0 0  0 0 0 0  0 0 0 0  0 0 0 0  0 0 0 0  0 0 0 0  
0 0 0 0  0 0 0 0  0 0 0 0  0 0 0 0  0 0 0 0  0 0 0 0  0 0 0 0  0 0 0 0  
0 0 0 0  0 0 0 0  0 0 0 0  0 0 0 0  0 0 0 0  0 0 0 0  0 0 0 0  0 0 0 0  

255 255 255 255  255 255 255 255  255 255 255 255  255 255 255 255   255 255 255 255  255 255 255 255  255 255 255 255  255 255 255 255   255 255 255 255  0 0 0 223  0 0 0 191  0 0 0 159   0 0 0 127  0 0 0 127  0 0 0 127  0 0 0 127   
255 255 255 255  0 0 0 223  0 0 0 223  0 0 0 223   0 0 0 223  0 0 0 223  0 0 0 223  0 0 0 223   0 0 0 223  0 0 0 223  0 0 0 191  0 0 0 159   0 0 0 127  0 0 0 127  0 0 0 127  0 0 0 127   
255 255 255 255  0 0 0 223  0 0 0 191  0 0 0 191   0 0 0 191  0 0 0 191  0 0 0 191  0 0 0 191   0 0 0 191  0 0 0 191  0 0 0 191  0 0 0 159   0 0 0 127  0 0 0 127  0 0 0 127  0 0 0 127   
255 255 255 255  0 0 0 223  0 0 0 191  0 0 0 159   0 0 0 159  0 0 0 159  0 0 0 159  0 0 0 159   0 0 0 159  0 0 0 159  0 0 0 159  0 0 0 159   0 0 0 127  0 0 0 127  0 0 0 127  0 0 0 127   

255 255 255 255  255 255 255 255  255 255 255 255  255 255 255 255   255 255 255 255  255 255 255 255  255 255 255 255  255 255 255 255   255 255 255 255  0 0 0 255  0 0 0 255  0 0 0 255   0 0 0 255  0 0 0 255  0 0 0 255  0 0 0 255   
255 255 255 255  0 0 0 255  0 0 0 255  0 0 0 255   0 0 0 255  0 0 0 255  0 0 0 255  0 0 0 255   0 0 0 255  0 0 0 255  0 0 0 255  0 0 0 255   0 0 0 255  0 0 0 255  0 0 0 255  0 0 0 255   
255 255 255 255  0 0 0 255  0 0 0 255  0 0 0 255   0 0 0 255  0 0 0 255  0 0 0 255  0 0 0 255   0 0 0 255  0 0 0 255  0 0 0 255  0 0 0 255   0 0 0 255  0 0 0 255  0 0 0 255  0 0 0 255   
255 255 255 255  0 0 0 255  0 0 0 255  0 0 0 255   0 0 0 255  0 0 0 255  0 0 0 255  0 0 0 255   0 0 0 255  0 0 0 255  0 0 0 255  0 0 0 255   0 0 0 255  0 0 0 255  0 0 0 255  0 0 0 255   

0 0 0 0  0 0 0 0  0 0 0 0  11 11 11 255   0 0 0 0  0 0 0 0  0 0 0 0  11 11 11 255   0 0 0 0  15 15 15 255  14 14 14 255  12 12 12 255   13 13 13 255  13 13 13 255  12 12 12 255  15 15 15 255   
0 0 0 0  0 0 0 0  15 15 15 255  14 14 14 255   13 13 13 255  15 15 15 255  0 0 0 0  15 15 15 255   13 13 13 255  13 13 13 255  14 14 14 255  14 14 14 255   12 12 12 255  14 14 14 255  13 13 13 255  13 13 13 255   
13 13 13 255  11 11 11 255  13 13 13 255  11 11 11 255   11 11 11 255  14 14 14 255  13 13 13 255  12 12 12 255   14 14 14 255  12 12 12 255  15 15 15 255  13 13 13 255   13 13 13 255  15 15 15 255  12 12 12 255  14 14 14 255   
0 0 0 0  15 15 15 255  14 14 14 255  13 13 13 255   14 14 14 255  12 12 12 255  15 15 15 255  13 13 13 255   12 12 12 255  13 13 13 255  14 14 14 255  12 12 12 255   12 12 12 255  13 13 13 255  14 14 14 255  12 12 12 255   

0 0 0 0  0 0 0 0  0 0 0 0  0 0 0 0   0 0 0 0  0 0 0 0  0 0 0 0  0 0 0 0   0 0 0 0  0 0 0 0  0 0 0 0  0 0 0 0   0 0 0 0  0 0 0 0  0 0 0 0  0 0 0 0   
0 0 0 0  0 0 0 0  0 0 0 0  0 0 0 0   0 0 0 0  0 0 0 0  0 0 0 0  0 0 0 0   0 0 0 0  0 0 0 0  0 0 0 0  0 0 0 0   0 0 0 0  0 0 0 0  0 0 0 0  0 0 0 0   
0 0 0 0  0 0 0 0  0 0 0 0  0 0 0 0   0 0 0 0  0 0 0 0  0 0 0 0  0 0 0 0   0 0 0 0  0 0 0 0  0 0 0 0  0 0 0 0   0 0 0 0  0 0 0 0  0 0 0 0  0 0 0 0   
0 0 0 0  0 0 0 0  0 0 0 0  0 0 0 0   0 0 0 0  0 0 0 0  0 0 0 0  0 0 0 0   0 0 0 0  0 0 0 0  0 0 0 0  0 0 0 0   0 0 0 0  0 0 0 0  0 0 0 0  0 0 0 0   

0 0 0 0  0 0 0 0  0 0 0 0  0 0 0 0   0 0 0 0  0 0 0 0  0 0 0 0  0 0 0 0   0 0 0 0  0 0 0 0  0 0 0 0  0 0 0 0   0 0 0 0  0 0 0 0  0 0 0 0  0 0 0 0   
0 0 0 0  0 0 0 0  0 0 0 0  0 0 0 0   0 0 0 0  0 0 0 0  0 0 0 0  0 0 0 0   0 0 0 0  0 0 0 0  0 0 0 0  0 0 0 0   0 0 0 0  0 0 0 0  0 0 0 0  0 0 0 0   
0 0 0 0  0 0 0 0  0 0 0 0  0 0 0 0   0 0 0 0  0 0 0 0  0 0 0 0  0 0 0 0   0 0 0 0  0 0 0 0  0 0 0 0  0 0 0 0   0 0 0 0  0 0 0 0  0 0 0 0  0 0 0 0   
0 0 0 0  0 0 0 0  0 0 0 0  0 0 0 0   0 0 0 0  0 0 0 0  0 0 0 0  0 0 0 0   0 0 0 0  0 0 0 0  0 0 0 0  0 0 0 0   0 0 0 0  0 0 0 0  0 0 0 0  0 0 0 0   


53 74 239 255 
55 172 237 255 
40
30
0 0
0 0


1 255 255 0
0 0 0 0
0 0 0 0
0 0 0 0
0 0 0 0
0 0 0 0
0 0 0 0
0 0 0 0
0 255 127 127
0 0 0 0
0 0 0 0
0 0 0 0
0 0 0 0
0 0 0 0
0 0 0 0
0 0 0 0
1 255 0 255
0 0 0 0
0 0 0 0
0 0 0 0
0 0 0 0
0 0 0 0
0 0 0 0
0 0 0 0
0 127 127 255
0 0 0 0
0 0 0 0
0 0 0 0
0 0 0 0
0 0 0 0
0 0 0 0
0 0 0 0
1 0 255 255
0 0 0 0
0 0 0 0
0 0 0 0
0 0 0 0
0 0 0 0
0 0 0 0
0 0 0 0
0 127 255 127
0 0 0 0
0 0 0 0
0 0 0 0
0 0 0 0
0 0 0 0
0 0 0 0
0 0 0 0
1 255 255 0
0 0 0 0
0 0 0 0
0 0 0 0
0 0 0 0
0 0 0 0
0 0 0 0
0 0 0 0
0 255 127 127
0 0 0 0
0 0 0 0
0 0 0 0
0 0 0 0
0 0 0 0
0 0 0 0
0 0 0 0
1 255 0 255
0 0 0 0
0 0 0 0
0 0 0 0
0 0 0 0
0 0 0 0
0 0 0 0
0 0 0 0
0 127 127 255
0 0 0 0
0 0 0 0
0 0 0 0
0 0 0 0
0 0 0 0
0 0 0 0
1 0 255 255

