3 3 3 1 2 1 3 3 3 3 3 3 3 1 2 1 3 3 3 3 3 1 2 1 3 3 3 3 3 1 2 1 3 3 3 3 3 1 2 1 3 3 3 3 3 1 2 1 3 3 3 3 3 1 2 1 3 3 3 3 3 1 2 1 3 3 3 3 3 1 2 1 3 3 3 3 3 3 3 1 
3 3 3 1 2 1 3 3 3 3 3 3 3 1 2 1 3 3 3 3 3 1 2 1 3 3 3 3 3 1 2 1 1 1 1 1 1 1 2 1 1 1 1 1 1 1 2 1 3 3 3 3 3 1 2 1 3 3 3 3 3 1 2 1 3 3 3 3 3 1 2 1 3 3 3 3 3 3 3 1 
3 3 3 1 2 1 3 3 3 3 3 3 3 1 2 1 3 3 3 3 3 1 2 1 3 3 3 3 3 1 2 1 2 2 2 2 2 1 2 1 2 2 2 2 2 1 2 1 3 3 3 3 3 1 2 1 3 3 3 3 3 1 2 1 3 3 3 3 3 1 2 1 3 3 3 3 3 3 3 1 
1 1 1 1 2 1 3 3 3 3 3 3 3 1 2 1 3 3 3 3 3 1 2 1 1 1 1 1 1 1 2 1 2 0 0 0 2 1 2 1 2 0 0 0 2 1 2 1 1 1 1 1 1 1 2 1 1 1 1 1 1 1 2 1 1 1 1 1 1 1 2 1 3 3 3 3 3 3 3 1 
2 2 2 2 2 1 3 3 3 3 3 3 3 1 2 1 3 3 3 3 3 1 2 1 2 2 2 2 2 1 2 1 2 0 0 0 1 1 1 1 1 0 0 0 2 1 2 1 2 2 2 2 2 1 2 1 2 2 2 2 2 1 2 1 2 2 2 2 2 1 2 1 1 1 1 1 1 1 1 1 
1 1 1 1 1 1 1 1 1 1 1 1 1 1 2 1 1 1 1 1 1 1 2 1 2 0 0 0 2 1 2 1 2 0 0 0 0 0 0 0 1 0 0 0 2 1 2 1 2 0 0 0 2 1 2 1 2 0 0 0 2 1 2 1 2 0 0 0 2 1 2 1 2 2 2 2 2 2 2 1 
2 2 2 2 2 1 2 2 2 2 2 2 2 1 2 1 2 2 2 2 2 1 2 1 2 0 0 0 1 1 1 1 1 0 0 0 0 0 0 0 0 0 0 0 1 1 1 1 1 0 0 0 2 1 2 1 2 0 0 0 1 1 1 1 1 0 0 0 2 1 2 1 2 0 0 0 0 0 2 1 
1 1 1 1 2 1 2 0 0 0 0 0 2 1 2 1 2 0 0 0 2 1 2 1 2 0 0 0 1 0 0 0 0 0 0 0 1 0 0 0 0 0 0 0 0 0 0 0 1 0 0 0 2 1 2 1 2 0 0 0 1 0 0 0 0 0 0 0 1 1 1 1 1 0 0 0 0 0 2 1 
3 3 3 1 2 1 2 0 0 0 0 0 1 1 1 1 1 0 0 0 2 1 2 1 2 0 0 0 0 0 0 0 0 0 0 0 1 1 1 1 1 0 0 0 0 0 0 0 0 0 0 0 2 1 2 1 2 0 0 0 0 0 0 0 0 0 0 0 1 0 0 0 0 0 0 0 0 0 2 1 
3 3 3 1 2 1 2 0 0 0 0 0 1 0 0 0 0 0 0 0 2 1 2 1 2 0 0 0 0 0 0 0 1 0 0 0 2 1 2 1 2 0 0 0 1 0 0 0 0 0 0 0 2 1 2 1 2 0 0 0 0 0 0 0 1 0 0 0 0 0 0 0 0 0 0 0 0 0 2 1 
3 3 3 1 2 1 2 0 0 0 0 0 0 0 0 0 0 0 0 0 1 1 1 1 1 0 0 0 1 1 1 1 1 0 0 0 2 1 2 1 2 0 0 0 1 1 1 1 1 0 0 0 1 1 1 1 1 0 0 0 1 1 1 1 1 0 0 0 0 0 0 0 1 0 0 0 0 0 2 1 
3 3 3 1 2 1 2 0 0 0 0 0 0 0 0 0 1 0 0 0 1 0 0 0 0 0 0 0 2 1 2 1 2 0 0 0 2 1 2 1 2 0 0 0 2 1 2 1 2 0 0 0 1 0 0 0 0 0 0 0 2 1 2 1 2 0 0 0 1 1 1 1 1 0 0 0 0 0 2 1 
3 3 3 1 2 1 2 0 0 0 0 0 1 1 1 1 1 0 0 0 0 0 0 0 0 0 0 0 2 1 2 1 2 2 2 2 2 1 2 1 2 2 2 2 2 1 2 1 2 0 0 0 0 0 0 0 0 0 0 0 2 1 2 1 2 0 0 0 2 1 2 1 2 0 0 0 0 0 2 1 
1 1 1 1 2 1 2 0 0 0 0 0 2 1 2 1 2 0 0 0 0 0 0 0 1 0 0 0 2 1 2 1 1 1 1 1 1 1 2 1 1 1 1 1 1 1 2 1 2 0 0 0 0 0 0 0 1 0 0 0 2 1 2 1 2 2 2 2 2 1 2 1 2 2 2 2 2 2 2 1 
2 2 2 2 2 1 2 2 2 2 2 2 2 1 2 1 2 0 0 0 1 1 1 1 1 0 0 0 2 1 2 1 3 3 3 3 3 1 2 1 3 3 3 3 3 1 2 1 2 0 0 0 1 1 1 1 1 0 0 0 2 1 2 1 1 1 1 1 1 1 2 1 1 1 1 1 1 1 1 1 
1 1 1 1 1 1 1 1 1 1 1 1 1 1 2 1 2 0 0 0 2 1 2 1 2 0 0 0 2 1 2 1 3 3 3 3 3 1 2 1 3 3 3 3 3 1 2 1 2 0 0 0 2 1 2 1 2 0 0 0 2 1 2 1 3 3 3 3 3 1 2 1 3 3 3 3 3 3 3 1 
2 2 2 2 2 1 3 3 3 3 3 3 3 1 2 1 2 2 2 2 2 1 2 1 2 2 2 2 2 1 2 1 3 3 3 3 3 1 2 1 3 3 3 3 3 1 2 1 2 2 2 2 2 1 2 1 2 2 2 2 2 1 2 1 3 3 3 3 3 1 2 1 3 3 3 3 3 3 3 1 
1 1 1 1 2 1 3 3 3 3 3 3 3 1 2 1 1 1 1 1 1 1 2 1 1 1 1 1 1 1 2 1 3 3 3 3 3 1 2 1 3 3 3 3 3 1 2 1 1 1 1 1 1 1 2 1 1 1 1 1 1 1 2 1 3 3 3 3 3 1 2 1 3 3 3 3 3 3 3 1 
3 3 3 1 2 1 3 3 3 3 3 3 3 1 2 1 3 3 3 3 3 1 2 1 3 3 3 3 3 1 2 1 3 3 3 3 3 1 2 1 3 3 3 3 3 1 2 1 3 3 3 3 3 1 2 1 3 3 3 3 3 1 2 1 3 3 3 3 3 1 2 1 3 3 3 3 3 3 3 1 
3 3 3 1 2 1 3 3 3 3 3 3 3 1 2 1 3 3 3 3 3 1 2 1 3 3 3 3 3 1 2 1 3 3 3 3 3 1 2 1 3 3 3 3 3 1 2 1 3 3 3 3 3 1 2 1 3 3 3 3 3 1 2 1 3 3 3 3 3 1 2 1 3 3 3 3 3 3 3 1 


0 
0 
0 
0 
0 0
0 0
0 0
0 0
0 0
0 0
0 0
0 0
0 
0 
0 
0 
15 
15 
15 
15 
0 
0 
0 
0 
0 
0 
0 
0 
0 0
0 0
0 0
0 0
0 0
0 0
0 0
0 0
8
8
0
0
3
3
0 0
0 0
 1
 0
 0

0 0 0 255  0 0 0 255  0 0 0 0  0 0 0 0  0 0 0 0  0 0 0 0  0 0 0 0  0 0 0 0  
0 0 0 0  0 0 0 255  0 0 0 255  0 0 0 0  0 0 0 0  255 255 255 255  0 0 0 0  0 0 0 0  
0 0 0 0  255 255 255 255  255 255 255 255  255 255 255 255  255 255 255 255  255 255 255 255  255 255 255 255  0 0 0 0  
255 255 255 255  255 255 255 255  0 0 0 255  255 255 255 255  255 255 255 255  0 0 0 255  255 255 255 255  255 255 255 255  
255 255 255 255  255 255 255 255  0 0 0 255  255 255 255 255  255 255 255 255  0 0 0 255  255 255 255 255  255 255 255 255  
0 0 0 0  255 255 255 255  255 255 255 255  255 255 255 255  255 255 255 255  255 255 255 255  255 255 255 255  0 0 0 0  
0 0 0 0  0 0 0 255  0 0 0 255  0 0 0 0  0 0 0 0  255 255 255 255  0 0 0 0  0 0 0 0  
0 0 0 255  0 0 0 255  0 0 0 0  0 0 0 0  0 0 0 0  0 0 0 0  0 0 0 0  0 0 0 0  


255 255 255 255  255 255 255 255  255 255 255 255  255 255 255 255  255 255 255 255  255 255 255 255  255 255 255 255  255 255 255 255  
255 255 255 255  0 0 0 229  0 0 0 229  0 0 0 229  0 0 0 229  0 0 0 229  0 0 0 229  255 255 255 255  
255 255 255 255  0 0 0 213  0 0 0 213  0 0 0 213  0 0 0 213  0 0 0 213  0 0 0 213  255 255 255 255  
255 255 255 255  0 0 0 197  0 0 0 197  0 0 0 197  0 0 0 197  0 0 0 197  0 0 0 197  255 255 255 255  
255 255 255 255  0 0 0 181  0 0 0 181  0 0 0 181  0 0 0 181  0 0 0 181  0 0 0 181  255 255 255 255  
255 255 255 255  0 0 0 165  0 0 0 165  0 0 0 165  0 0 0 165  0 0 0 165  0 0 0 165  255 255 255 255  
255 255 255 255  0 0 0 149  0 0 0 149  0 0 0 149  0 0 0 149  0 0 0 149  0 0 0 149  255 255 255 255  
255 255 255 255  255 255 255 255  255 255 255 255  255 255 255 255  255 255 255 255  255 255 255 255  255 255 255 255  255 255 255 255  

0 0 0 0  0 0 0 0  0 0 0 0  0 0 0 0  0 0 0 0  0 0 0 0  0 0 0 0  0 0 0 0  
0 0 0 0  0 0 0 0  0 0 0 0  0 0 0 0  0 0 0 0  0 0 0 0  0 0 0 0  0 0 0 0  
0 0 0 0  0 0 0 0  0 0 0 0  0 0 0 0  0 0 0 0  0 0 0 0  0 0 0 0  0 0 0 0  
0 0 0 0  0 0 0 0  0 0 0 0  0 0 0 0  0 0 0 0  0 0 0 0  0 0 0 0  0 0 0 0  
0 0 0 0  0 0 0 0  0 0 0 0  0 0 0 0  0 0 0 0  0 0 0 0  0 0 0 0  0 0 0 0  
0 0 0 0  0 0 0 0  0 0 0 0  0 0 0 0  0 0 0 0  0 0 0 0  0 0 0 0  0 0 0 0  
0 0 0 0  0 0 0 0  0 0 0 0  0 0 0 0  0 0 0 0  0 0 0 0  0 0 0 0  0 0 0 0  
0 0 0 0  0 0 0 0  0 0 0 0  0 0 0 0  0 0 0 0  0 0 0 0  0 0 0 0  0 0 0 0  

0 0 0 0  0 0 0 0  0 0 0 0  0 0 0 0  0 0 0 0  0 0 0 0  0 0 0 0  0 0 0 0  
0 0 0 0  0 0 0 0  0 0 0 0  0 0 0 0  0 0 0 0  0 0 0 0  0 0 0 0  0 0 0 0  
0 0 0 0  0 0 0 0  0 0 0 0  0 0 0 0  0 0 0 0  0 0 0 0  0 0 0 0  0 0 0 0  
0 0 0 0  0 0 0 0  0 0 0 0  0 0 0 0  0 0 0 0  0 0 0 0  0 0 0 0  0 0 0 0  
0 0 0 0  0 0 0 0  0 0 0 0  0 0 0 0  0 0 0 0  0 0 0 0  0 0 0 0  0 0 0 0  
0 0 0 0  0 0 0 0  0 0 0 0  0 0 0 0  0 0 0 0  0 0 0 0  0 0 0 0  0 0 0 0  
0 0 0 0  0 0 0 0  0 0 0 0  0 0 0 0  0 0 0 0  0 0 0 0  0 0 0 0  0 0 0 0  
0 0 0 0  0 0 0 0  0 0 0 0  0 0 0 0  0 0 0 0  0 0 0 0  0 0 0 0  0 0 0 0  

0 0 0 95  0 0 0 95  0 0 0 0  0 0 0 95  0 0 0 95  0 0 0 0  0 0 0 95  0 0 0 95  
0 0 0 95  0 0 0 95  0 0 0 0  0 0 0 95  0 0 0 95  0 0 0 0  0 0 0 95  0 0 0 95  
0 0 0 0  0 0 0 0  0 0 0 0  0 0 0 0  0 0 0 0  0 0 0 0  0 0 0 0  0 0 0 0  
0 0 0 95  0 0 0 95  0 0 0 0  0 0 0 127  0 0 0 127  0 0 0 0  0 0 0 95  0 0 0 95  
0 0 0 95  0 0 0 95  0 0 0 0  0 0 0 127  0 0 0 127  0 0 0 0  0 0 0 95  0 0 0 95  
0 0 0 0  0 0 0 0  0 0 0 0  0 0 0 0  0 0 0 0  0 0 0 0  0 0 0 0  0 0 0 0  
0 0 0 95  0 0 0 95  0 0 0 0  0 0 0 95  0 0 0 95  0 0 0 0  0 0 0 95  0 0 0 95  
0 0 0 95  0 0 0 95  0 0 0 0  0 0 0 95  0 0 0 95  0 0 0 0  0 0 0 95  0 0 0 95  

0 0 0 0  0 0 0 0  0 0 0 0  0 0 0 0  0 0 0 0  0 0 0 0  0 0 0 0  0 0 0 0  
0 0 0 0  0 0 0 0  0 0 0 0  0 0 0 0  0 0 0 0  0 0 0 0  0 0 0 0  0 0 0 0  
0 0 0 0  0 0 0 0  0 0 0 0  0 0 0 0  0 0 0 0  0 0 0 0  0 0 0 0  0 0 0 0  
0 0 0 0  0 0 0 0  0 0 0 0  0 0 0 0  0 0 0 0  0 0 0 0  0 0 0 0  0 0 0 0  
0 0 0 0  0 0 0 0  0 0 0 0  0 0 0 0  0 0 0 0  0 0 0 0  0 0 0 0  0 0 0 0  
0 0 0 0  0 0 0 0  0 0 0 0  0 0 0 0  0 0 0 0  0 0 0 0  0 0 0 0  0 0 0 0  
0 0 0 0  0 0 0 0  0 0 0 0  0 0 0 0  0 0 0 0  0 0 0 0  0 0 0 0  0 0 0 0  
0 0 0 0  0 0 0 0  0 0 0 0  0 0 0 0  0 0 0 0  0 0 0 0  0 0 0 0  0 0 0 0  

0 0 0 0  0 0 0 0  0 0 0 0  0 0 0 0  0 0 0 0  0 0 0 0  0 0 0 0  0 0 0 0  
0 0 0 0  0 0 0 0  0 0 0 0  0 0 0 0  0 0 0 0  0 0 0 0  0 0 0 0  0 0 0 0  
0 0 0 0  0 0 0 0  0 0 0 0  0 0 0 0  0 0 0 0  0 0 0 0  0 0 0 0  0 0 0 0  
0 0 0 0  0 0 0 0  0 0 0 0  0 0 0 0  0 0 0 0  0 0 0 0  0 0 0 0  0 0 0 0  
0 0 0 0  0 0 0 0  0 0 0 0  0 0 0 0  0 0 0 0  0 0 0 0  0 0 0 0  0 0 0 0  
0 0 0 0  0 0 0 0  0 0 0 0  0 0 0 0  0 0 0 0  0 0 0 0  0 0 0 0  0 0 0 0  
0 0 0 0  0 0 0 0  0 0 0 0  0 0 0 0  0 0 0 0  0 0 0 0  0 0 0 0  0 0 0 0  
0 0 0 0  0 0 0 0  0 0 0 0  0 0 0 0  0 0 0 0  0 0 0 0  0 0 0 0  0 0 0 0  

0 0 0 255  0 0 0 255  0 0 0 255  0 0 0 255  0 0 0 255  0 0 0 255  0 0 0 255  0 0 0 255  
0 0 0 255  0 0 0 255  0 0 0 255  0 0 0 255  0 0 0 255  0 0 0 255  0 0 0 255  0 0 0 255  
0 0 0 255  0 0 0 255  0 0 0 255  0 0 0 255  0 0 0 255  0 0 0 255  0 0 0 255  0 0 0 255  
0 0 0 255  0 0 0 255  0 0 0 255  0 0 0 255  0 0 0 255  0 0 0 255  0 0 0 255  0 0 0 255  
0 0 0 255  0 0 0 255  0 0 0 255  0 0 0 255  0 0 0 255  0 0 0 255  0 0 0 255  0 0 0 255  
0 0 0 255  0 0 0 255  0 0 0 255  0 0 0 255  0 0 0 255  0 0 0 255  0 0 0 255  0 0 0 255  
0 0 0 255  0 0 0 255  0 0 0 255  0 0 0 255  0 0 0 255  0 0 0 255  0 0 0 255  0 0 0 255  
0 0 0 255  0 0 0 255  0 0 0 255  0 0 0 255  0 0 0 255  0 0 0 255  0 0 0 255  0 0 0 255  

0 0 0 0  0 0 0 0  0 0 0 0  0 0 0 0  0 0 0 0  0 0 0 0  0 0 0 0  0 0 0 0  
0 0 0 0  0 0 0 0  0 0 0 0  0 0 0 0  0 0 0 0  0 0 0 0  0 0 0 0  0 0 0 0  
0 0 0 0  0 0 0 0  0 0 0 0  0 0 0 0  0 0 0 0  0 0 0 0  0 0 0 0  0 0 0 0  
0 0 0 0  0 0 0 0  0 0 0 0  0 0 0 0  0 0 0 0  0 0 0 0  0 0 0 0  0 0 0 0  
0 0 0 0  0 0 0 0  0 0 0 0  0 0 0 0  0 0 0 0  0 0 0 0  0 0 0 0  0 0 0 0  
0 0 0 0  0 0 0 0  0 0 0 0  0 0 0 0  0 0 0 0  0 0 0 0  0 0 0 0  0 0 0 0  
0 0 0 0  0 0 0 0  0 0 0 0  0 0 0 0  0 0 0 0  0 0 0 0  0 0 0 0  0 0 0 0  
0 0 0 0  0 0 0 0  0 0 0 0  0 0 0 0  0 0 0 0  0 0 0 0  0 0 0 0  0 0 0 0  

0 0 0 0  0 0 0 0  0 0 0 0  0 0 0 0  0 0 0 0  0 0 0 0  0 0 0 0  0 0 0 0  
0 0 0 0  0 0 0 0  0 0 0 0  0 0 0 0  0 0 0 0  0 0 0 0  0 0 0 0  0 0 0 0  
0 0 0 0  0 0 0 0  0 0 0 0  0 0 0 0  0 0 0 0  0 0 0 0  0 0 0 0  0 0 0 0  
0 0 0 0  0 0 0 0  0 0 0 0  0 0 0 0  0 0 0 0  0 0 0 0  0 0 0 0  0 0 0 0  
0 0 0 0  0 0 0 0  0 0 0 0  0 0 0 0  0 0 0 0  0 0 0 0  0 0 0 0  0 0 0 0  
0 0 0 0  0 0 0 0  0 0 0 0  0 0 0 0  0 0 0 0  0 0 0 0  0 0 0 0  0 0 0 0  
0 0 0 0  0 0 0 0  0 0 0 0  0 0 0 0  0 0 0 0  0 0 0 0  0 0 0 0  0 0 0 0  
0 0 0 0  0 0 0 0  0 0 0 0  0 0 0 0  0 0 0 0  0 0 0 0  0 0 0 0  0 0 0 0  

0 0 0 0  0 0 0 0  0 0 0 0  0 0 0 0  0 0 0 0  0 0 0 0  0 0 0 0  0 0 0 0  
0 0 0 0  0 0 0 0  0 0 0 0  0 0 0 0  0 0 0 0  0 0 0 0  0 0 0 0  0 0 0 0  
0 0 0 0  0 0 0 0  0 0 0 0  0 0 0 0  0 0 0 0  0 0 0 0  0 0 0 0  0 0 0 0  
0 0 0 0  0 0 0 0  0 0 0 0  0 0 0 0  0 0 0 0  0 0 0 0  0 0 0 0  0 0 0 0  
0 0 0 0  0 0 0 0  0 0 0 0  0 0 0 0  0 0 0 0  0 0 0 0  0 0 0 0  0 0 0 0  
0 0 0 0  0 0 0 0  0 0 0 0  0 0 0 0  0 0 0 0  0 0 0 0  0 0 0 0  0 0 0 0  
0 0 0 0  0 0 0 0  0 0 0 0  0 0 0 0  0 0 0 0  0 0 0 0  0 0 0 0  0 0 0 0  
0 0 0 0  0 0 0 0  0 0 0 0  0 0 0 0  0 0 0 0  0 0 0 0  0 0 0 0  0 0 0 0  

0 0 0 0  0 0 0 0  0 0 0 0  0 0 0 0  0 0 0 0  0 0 0 0  0 0 0 0  0 0 0 0  
0 0 0 0  0 0 0 0  0 0 0 0  0 0 0 0  0 0 0 0  0 0 0 0  0 0 0 0  0 0 0 0  
0 0 0 0  0 0 0 0  0 0 0 0  0 0 0 0  0 0 0 0  0 0 0 0  0 0 0 0  0 0 0 0  
0 0 0 0  0 0 0 0  0 0 0 0  0 0 0 0  0 0 0 0  0 0 0 0  0 0 0 0  0 0 0 0  
0 0 0 0  0 0 0 0  0 0 0 0  0 0 0 0  0 0 0 0  0 0 0 0  0 0 0 0  0 0 0 0  
0 0 0 0  0 0 0 0  0 0 0 0  0 0 0 0  0 0 0 0  0 0 0 0  0 0 0 0  0 0 0 0  
0 0 0 0  0 0 0 0  0 0 0 0  0 0 0 0  0 0 0 0  0 0 0 0  0 0 0 0  0 0 0 0  
0 0 0 0  0 0 0 0  0 0 0 0  0 0 0 0  0 0 0 0  0 0 0 0  0 0 0 0  0 0 0 0  

0 0 0 0  0 0 0 0  0 0 0 0  0 0 0 0  0 0 0 0  0 0 0 0  0 0 0 0  0 0 0 0  
0 0 0 0  0 0 0 0  0 0 0 0  0 0 0 0  0 0 0 0  0 0 0 0  0 0 0 0  0 0 0 0  
0 0 0 0  0 0 0 0  0 0 0 0  0 0 0 0  0 0 0 0  0 0 0 0  0 0 0 0  0 0 0 0  
0 0 0 0  0 0 0 0  0 0 0 0  0 0 0 0  0 0 0 0  0 0 0 0  0 0 0 0  0 0 0 0  
0 0 0 0  0 0 0 0  0 0 0 0  0 0 0 0  0 0 0 0  0 0 0 0  0 0 0 0  0 0 0 0  
0 0 0 0  0 0 0 0  0 0 0 0  0 0 0 0  0 0 0 0  0 0 0 0  0 0 0 0  0 0 0 0  
0 0 0 0  0 0 0 0  0 0 0 0  0 0 0 0  0 0 0 0  0 0 0 0  0 0 0 0  0 0 0 0  
0 0 0 0  0 0 0 0  0 0 0 0  0 0 0 0  0 0 0 0  0 0 0 0  0 0 0 0  0 0 0 0  

0 0 0 0  0 0 0 0  0 0 0 0  0 0 0 0  0 0 0 0  0 0 0 0  0 0 0 0  0 0 0 0  
0 0 0 0  0 0 0 0  0 0 0 0  0 0 0 0  0 0 0 0  0 0 0 0  0 0 0 0  0 0 0 0  
0 0 0 0  0 0 0 0  0 0 0 0  0 0 0 0  0 0 0 0  0 0 0 0  0 0 0 0  0 0 0 0  
0 0 0 0  0 0 0 0  0 0 0 0  0 0 0 0  0 0 0 0  0 0 0 0  0 0 0 0  0 0 0 0  
0 0 0 0  0 0 0 0  0 0 0 0  0 0 0 0  0 0 0 0  0 0 0 0  0 0 0 0  0 0 0 0  
0 0 0 0  0 0 0 0  0 0 0 0  0 0 0 0  0 0 0 0  0 0 0 0  0 0 0 0  0 0 0 0  
0 0 0 0  0 0 0 0  0 0 0 0  0 0 0 0  0 0 0 0  0 0 0 0  0 0 0 0  0 0 0 0  
0 0 0 0  0 0 0 0  0 0 0 0  0 0 0 0  0 0 0 0  0 0 0 0  0 0 0 0  0 0 0 0  

0 0 0 0  0 0 0 0  0 0 0 0  0 0 0 0  0 0 0 0  0 0 0 0  0 0 0 0  0 0 0 0  
0 0 0 0  0 0 0 0  0 0 0 0  0 0 0 0  0 0 0 0  0 0 0 0  0 0 0 0  0 0 0 0  
0 0 0 0  0 0 0 0  0 0 0 0  0 0 0 0  0 0 0 0  0 0 0 0  0 0 0 0  0 0 0 0  
0 0 0 0  0 0 0 0  0 0 0 0  0 0 0 0  0 0 0 0  0 0 0 0  0 0 0 0  0 0 0 0  
0 0 0 0  0 0 0 0  0 0 0 0  0 0 0 0  0 0 0 0  0 0 0 0  0 0 0 0  0 0 0 0  
0 0 0 0  0 0 0 0  0 0 0 0  0 0 0 0  0 0 0 0  0 0 0 0  0 0 0 0  0 0 0 0  
0 0 0 0  0 0 0 0  0 0 0 0  0 0 0 0  0 0 0 0  0 0 0 0  0 0 0 0  0 0 0 0  
0 0 0 0  0 0 0 0  0 0 0 0  0 0 0 0  0 0 0 0  0 0 0 0  0 0 0 0  0 0 0 0  

0 0 0 0  0 0 0 0  0 0 0 0  0 0 0 0  0 0 0 0  0 0 0 0  0 0 0 0  0 0 0 0  
0 0 0 0  0 0 0 0  0 0 0 0  0 0 0 0  0 0 0 0  0 0 0 0  0 0 0 0  0 0 0 0  
0 0 0 0  0 0 0 0  0 0 0 0  0 0 0 0  0 0 0 0  0 0 0 0  0 0 0 0  0 0 0 0  
0 0 0 0  0 0 0 0  0 0 0 0  0 0 0 0  0 0 0 0  0 0 0 0  0 0 0 0  0 0 0 0  
0 0 0 0  0 0 0 0  0 0 0 0  0 0 0 0  0 0 0 0  0 0 0 0  0 0 0 0  0 0 0 0  
0 0 0 0  0 0 0 0  0 0 0 0  0 0 0 0  0 0 0 0  0 0 0 0  0 0 0 0  0 0 0 0  
0 0 0 0  0 0 0 0  0 0 0 0  0 0 0 0  0 0 0 0  0 0 0 0  0 0 0 0  0 0 0 0  
0 0 0 0  0 0 0 0  0 0 0 0  0 0 0 0  0 0 0 0  0 0 0 0  0 0 0 0  0 0 0 0  

0 0 0 0  0 0 0 0  0 0 0 0  0 0 0 0  0 0 0 0  0 0 0 0  0 0 0 0  0 0 0 0  
0 0 0 0  0 0 0 0  0 0 0 0  0 0 0 0  0 0 0 0  0 0 0 0  0 0 0 0  0 0 0 0  
0 0 0 0  0 0 0 0  0 0 0 0  0 0 0 0  0 0 0 0  0 0 0 0  0 0 0 0  0 0 0 0  
0 0 0 0  0 0 0 0  0 0 0 0  0 0 0 0  0 0 0 0  0 0 0 0  0 0 0 0  0 0 0 0  
0 0 0 0  0 0 0 0  0 0 0 0  0 0 0 0  0 0 0 0  0 0 0 0  0 0 0 0  0 0 0 0  
0 0 0 0  0 0 0 0  0 0 0 0  0 0 0 0  0 0 0 0  0 0 0 0  0 0 0 0  0 0 0 0  
0 0 0 0  0 0 0 0  0 0 0 0  0 0 0 0  0 0 0 0  0 0 0 0  0 0 0 0  0 0 0 0  
0 0 0 0  0 0 0 0  0 0 0 0  0 0 0 0  0 0 0 0  0 0 0 0  0 0 0 0  0 0 0 0  

0 0 0 0  0 0 0 0  0 0 0 0  0 0 0 0  0 0 0 0  0 0 0 0  0 0 0 0  0 0 0 0  
0 0 0 0  0 0 0 0  0 0 0 0  0 0 0 0  0 0 0 0  0 0 0 0  0 0 0 0  0 0 0 0  
0 0 0 0  0 0 0 0  0 0 0 0  0 0 0 0  0 0 0 0  0 0 0 0  0 0 0 0  0 0 0 0  
0 0 0 0  0 0 0 0  0 0 0 0  0 0 0 0  0 0 0 0  0 0 0 0  0 0 0 0  0 0 0 0  
0 0 0 0  0 0 0 0  0 0 0 0  0 0 0 0  0 0 0 0  0 0 0 0  0 0 0 0  0 0 0 0  
0 0 0 0  0 0 0 0  0 0 0 0  0 0 0 0  0 0 0 0  0 0 0 0  0 0 0 0  0 0 0 0  
0 0 0 0  0 0 0 0  0 0 0 0  0 0 0 0  0 0 0 0  0 0 0 0  0 0 0 0  0 0 0 0  
0 0 0 0  0 0 0 0  0 0 0 0  0 0 0 0  0 0 0 0  0 0 0 0  0 0 0 0  0 0 0 0  

0 0 0 0  0 0 0 0  0 0 0 0  0 0 0 0  0 0 0 0  0 0 0 0  0 0 0 0  0 0 0 0  
0 0 0 0  0 0 0 0  0 0 0 0  0 0 0 0  0 0 0 0  0 0 0 0  0 0 0 0  0 0 0 0  
0 0 0 0  0 0 0 0  0 0 0 0  0 0 0 0  0 0 0 0  0 0 0 0  0 0 0 0  0 0 0 0  
0 0 0 0  0 0 0 0  0 0 0 0  0 0 0 0  0 0 0 0  0 0 0 0  0 0 0 0  0 0 0 0  
0 0 0 0  0 0 0 0  0 0 0 0  0 0 0 0  0 0 0 0  0 0 0 0  0 0 0 0  0 0 0 0  
0 0 0 0  0 0 0 0  0 0 0 0  0 0 0 0  0 0 0 0  0 0 0 0  0 0 0 0  0 0 0 0  
0 0 0 0  0 0 0 0  0 0 0 0  0 0 0 0  0 0 0 0  0 0 0 0  0 0 0 0  0 0 0 0  
0 0 0 0  0 0 0 0  0 0 0 0  0 0 0 0  0 0 0 0  0 0 0 0  0 0 0 0  0 0 0 0  

0 0 0 0  0 0 0 0  0 0 0 0  0 0 0 0  0 0 0 0  0 0 0 0  0 0 0 0  0 0 0 0  
0 0 0 0  0 0 0 0  0 0 0 0  0 0 0 0  0 0 0 0  0 0 0 0  0 0 0 0  0 0 0 0  
0 0 0 0  0 0 0 0  0 0 0 0  0 0 0 0  0 0 0 0  0 0 0 0  0 0 0 0  0 0 0 0  
0 0 0 0  0 0 0 0  0 0 0 0  0 0 0 0  0 0 0 0  0 0 0 0  0 0 0 0  0 0 0 0  
0 0 0 0  0 0 0 0  0 0 0 0  0 0 0 0  0 0 0 0  0 0 0 0  0 0 0 0  0 0 0 0  
0 0 0 0  0 0 0 0  0 0 0 0  0 0 0 0  0 0 0 0  0 0 0 0  0 0 0 0  0 0 0 0  
0 0 0 0  0 0 0 0  0 0 0 0  0 0 0 0  0 0 0 0  0 0 0 0  0 0 0 0  0 0 0 0  
0 0 0 0  0 0 0 0  0 0 0 0  0 0 0 0  0 0 0 0  0 0 0 0  0 0 0 0  0 0 0 0  

0 0 0 0  0 0 0 0  0 0 0 0  0 0 0 0  0 0 0 0  0 0 0 0  0 0 0 0  0 0 0 0  
0 0 0 0  0 0 0 0  0 0 0 0  0 0 0 0  0 0 0 0  0 0 0 0  0 0 0 0  0 0 0 0  
0 0 0 0  0 0 0 0  0 0 0 0  0 0 0 0  0 0 0 0  0 0 0 0  0 0 0 0  0 0 0 0  
0 0 0 0  0 0 0 0  0 0 0 0  0 0 0 0  0 0 0 0  0 0 0 0  0 0 0 0  0 0 0 0  
0 0 0 0  0 0 0 0  0 0 0 0  0 0 0 0  0 0 0 0  0 0 0 0  0 0 0 0  0 0 0 0  
0 0 0 0  0 0 0 0  0 0 0 0  0 0 0 0  0 0 0 0  0 0 0 0  0 0 0 0  0 0 0 0  
0 0 0 0  0 0 0 0  0 0 0 0  0 0 0 0  0 0 0 0  0 0 0 0  0 0 0 0  0 0 0 0  
0 0 0 0  0 0 0 0  0 0 0 0  0 0 0 0  0 0 0 0  0 0 0 0  0 0 0 0  0 0 0 0  


225 255 47 255 
165 191 30 0 
50
50
0 0
0 0


47 127 255 
63 207 255 
158 143 255 


