3 3 3 3 1 4 1 3 3 3 3 3 3 1 4 1 3 3 3 3 3 1 4 1 3 3 3 3 3 1 4 1 3 3 3 3 3 1 4 1 3 3 3 3 3 1 4 1 3 3 3 3 3 1 4 1 3 3 3 3 3 1 4 1 3 3 3 3 3 1 4 1 3 3 3 3 3 3 3 1 
3 3 3 3 1 4 1 3 3 3 3 3 3 1 4 1 3 3 3 3 3 1 4 1 3 3 3 3 3 1 4 1 1 1 1 1 1 1 4 1 1 1 1 1 1 1 4 1 3 3 3 3 3 1 4 1 3 3 3 3 3 1 4 1 3 3 3 3 3 1 4 1 3 3 3 3 3 3 3 1 
3 3 3 3 1 4 1 3 3 3 3 3 3 1 4 1 3 3 3 3 3 1 4 1 3 3 3 3 3 1 4 1 2 2 2 2 2 1 4 1 2 2 2 2 2 1 4 1 3 3 3 3 3 1 4 1 3 3 3 3 3 1 4 1 3 3 3 3 3 1 4 1 3 3 3 3 3 3 3 1 
1 1 1 1 1 4 1 3 3 3 3 3 3 1 4 1 3 3 3 3 3 1 4 1 1 1 1 1 1 1 4 1 2 0 0 0 2 1 4 1 2 0 0 0 2 1 4 1 1 1 1 1 1 1 4 1 1 1 1 1 1 1 4 1 1 1 1 1 1 1 4 1 3 3 3 3 3 3 3 1 
4 4 4 4 4 4 1 3 3 3 3 3 3 1 4 1 3 3 3 3 3 1 4 1 2 2 2 2 2 1 4 1 2 0 0 0 1 1 1 1 1 0 0 0 2 1 4 1 2 2 2 2 2 1 4 1 2 2 2 2 2 1 4 1 2 2 2 2 2 1 4 1 1 1 1 1 1 1 1 1 
1 1 1 1 1 1 1 1 1 1 1 1 1 1 4 1 1 1 1 1 1 1 4 1 2 0 0 0 2 1 4 1 2 0 0 0 1 0 0 0 0 0 0 0 2 1 4 1 2 0 0 0 2 1 4 1 2 0 0 0 2 1 4 1 2 0 0 0 2 1 4 1 2 2 2 2 2 2 2 1 
3 3 3 3 3 3 1 2 2 2 2 2 2 1 4 1 2 2 2 2 2 1 4 1 2 0 0 0 1 1 1 1 1 0 0 0 0 0 0 0 0 0 0 0 1 1 1 1 1 0 0 0 2 1 4 1 2 0 0 0 1 1 1 1 1 0 0 0 2 1 4 1 2 0 0 0 0 0 2 1 
3 3 3 3 3 3 1 2 0 0 0 0 2 1 4 1 2 0 0 0 2 1 4 1 2 0 0 0 1 0 0 0 0 0 0 0 0 0 0 0 1 0 0 0 1 0 0 0 0 0 0 0 2 1 4 1 2 0 0 0 1 0 0 0 0 0 0 0 1 1 1 1 1 0 0 0 0 0 2 1 
3 3 3 3 3 3 1 2 0 0 0 0 1 1 1 1 1 0 0 0 2 1 4 1 2 0 0 0 0 0 0 0 0 0 0 0 1 1 1 1 1 0 0 0 0 0 0 0 0 0 0 0 2 1 4 1 2 0 0 0 0 0 0 0 0 0 0 0 1 0 0 0 0 0 0 0 0 0 2 1 
3 3 3 3 3 3 1 2 0 0 0 0 0 0 0 0 0 0 0 0 2 1 4 1 2 0 0 0 0 0 0 0 1 0 0 0 2 1 4 1 2 0 0 0 0 0 0 0 1 0 0 0 2 1 4 1 2 0 0 0 0 0 0 0 1 0 0 0 0 0 0 0 0 0 0 0 0 0 2 1 
3 3 3 3 3 3 1 2 0 0 0 0 0 0 0 0 0 0 0 0 1 1 1 1 1 0 0 0 1 1 1 1 1 0 0 0 2 1 4 1 2 0 0 0 1 1 1 1 1 0 0 0 1 1 1 1 1 0 0 0 1 1 1 1 1 0 0 0 0 0 0 0 1 0 0 0 0 0 2 1 
3 3 3 3 3 3 1 2 0 0 0 0 1 1 1 1 1 0 0 0 1 0 0 0 0 0 0 0 2 1 4 1 2 0 0 0 2 1 4 1 2 0 0 0 2 1 4 1 2 0 0 0 1 0 0 0 0 0 0 0 2 1 4 1 2 0 0 0 1 1 1 1 1 0 0 0 0 0 2 1 
3 3 3 3 3 3 1 2 0 0 0 0 2 1 4 1 2 0 0 0 0 0 0 0 0 0 0 0 2 1 4 1 2 2 2 2 2 1 4 1 2 2 2 2 2 1 4 1 2 0 0 0 0 0 0 0 0 0 0 0 2 1 4 1 2 0 0 0 2 1 4 1 2 0 0 0 0 0 2 1 
3 3 3 3 3 3 1 2 2 2 2 2 2 1 4 1 2 0 0 0 0 0 0 0 1 0 0 0 2 1 4 1 1 1 1 1 1 1 4 1 1 1 1 1 1 1 4 1 2 0 0 0 0 0 0 0 1 0 0 0 2 1 4 1 2 2 2 2 2 1 4 1 2 2 2 2 2 2 2 1 
1 1 1 1 1 1 1 1 1 1 1 1 1 1 4 1 2 0 0 0 1 1 1 1 1 0 0 0 2 1 4 1 3 3 3 3 3 1 4 1 3 3 3 3 3 1 4 1 2 0 0 0 1 1 1 1 1 0 0 0 2 1 4 1 1 1 1 1 1 1 4 1 1 1 1 1 1 1 1 1 
4 4 4 4 4 4 1 3 3 3 3 3 3 1 4 1 2 0 0 0 2 1 4 1 2 0 0 0 2 1 4 1 3 3 3 3 3 1 4 1 3 3 3 3 3 1 4 1 2 0 0 0 2 1 4 1 2 0 0 0 2 1 4 1 3 3 3 3 3 1 4 1 3 3 3 3 3 3 3 1 
1 1 1 1 1 4 1 3 3 3 3 3 3 1 4 1 2 2 2 2 2 1 4 1 2 2 2 2 2 1 4 1 3 3 3 3 3 1 4 1 3 3 3 3 3 1 4 1 2 2 2 2 2 1 4 1 2 2 2 2 2 1 4 1 3 3 3 3 3 1 4 1 3 3 3 3 3 3 3 1 
3 3 3 3 1 4 1 3 3 3 3 3 3 1 4 1 1 1 1 1 1 1 4 1 1 1 1 1 1 1 4 1 3 3 3 3 3 1 4 1 3 3 3 3 3 1 4 1 1 1 1 1 1 1 4 1 1 1 1 1 1 1 4 1 3 3 3 3 3 1 4 1 3 3 3 3 3 3 3 1 
3 3 3 3 1 4 1 3 3 3 3 3 3 1 4 1 3 3 3 3 3 1 4 1 3 3 3 3 3 1 4 1 3 3 3 3 3 1 4 1 3 3 3 3 3 1 4 1 3 3 3 3 3 1 4 1 3 3 3 3 3 1 4 1 3 3 3 3 3 1 4 1 3 3 3 3 3 3 3 1 
3 3 3 3 1 4 1 3 3 3 3 3 3 1 4 1 3 3 3 3 3 1 4 1 3 3 3 3 3 1 4 1 3 3 3 3 3 1 4 1 3 3 3 3 3 1 4 1 3 3 3 3 3 1 4 1 3 3 3 3 3 1 4 1 3 3 3 3 3 1 4 1 3 3 3 3 3 3 3 1 


0 
0 
0 
0 
10 1
0 0
0 0
0 0
0 0
0 0
0 0
0 0
0 
0 
0 
0 
0 
0 
50 
50 
0 
0 
0 
0 
0 
0 
0 
0 
0 0
0 0
0 0
0 0
0 0
0 0
0 0
0 0
8
12
0
25
25
0
20 1
20 1
 0
 1
 0

0 0 0 0  0 0 0 0  0 0 0 0  170 56 53 255  234 45 45 255  234 45 45 255  0 0 0 0  0 0 0 0  
177 183 199 255  0 0 0 0  0 0 0 0  177 183 199 255  214 219 231 255  214 219 231 255  234 45 45 255  0 0 0 0  
214 219 231 255  177 183 199 255  0 0 0 0  214 219 231 255  214 219 231 255  55 64 66 255  214 219 231 255  0 0 0 0  
177 183 199 255  214 219 231 255  214 219 231 255  214 219 231 255  214 219 231 255  214 219 231 255  177 183 199 255  251 226 46 255  
214 219 231 255  177 183 199 255  214 219 231 255  214 219 231 255  214 219 231 255  214 219 231 255  170 56 53 255  0 0 0 0  
177 183 199 255  214 219 231 255  177 183 199 255  214 219 231 255  214 219 231 255  177 183 199 255  234 45 45 255  0 0 0 0  
0 0 0 0  177 183 199 255  221 177 51 255  214 219 231 255  177 183 199 255  0 0 0 0  0 0 0 0  0 0 0 0  
0 0 0 0  0 0 0 0  251 226 44 255  251 226 44 255  0 0 0 0  0 0 0 0  0 0 0 0  0 0 0 0  


255 255 255 255  255 255 255 255  255 255 255 255  255 255 255 255  255 255 255 255  255 255 255 255  255 255 255 255  255 255 255 255  
255 255 255 255  0 0 0 229  0 0 0 229  0 0 0 229  0 0 0 229  0 0 0 229  0 0 0 229  255 255 255 255  
255 255 255 255  0 0 0 229  0 0 0 197  0 0 0 197  0 0 0 197  0 0 0 197  0 0 0 229  255 255 255 255  
255 255 255 255  0 0 0 229  0 0 0 197  0 0 0 165  0 0 0 165  0 0 0 197  0 0 0 229  255 255 255 255  
255 255 255 255  0 0 0 229  0 0 0 197  0 0 0 165  0 0 0 165  0 0 0 197  0 0 0 229  255 255 255 255  
255 255 255 255  0 0 0 229  0 0 0 197  0 0 0 197  0 0 0 197  0 0 0 197  0 0 0 229  255 255 255 255  
255 255 255 255  0 0 0 229  0 0 0 229  0 0 0 229  0 0 0 229  0 0 0 229  0 0 0 229  255 255 255 255  
255 255 255 255  255 255 255 255  255 255 255 255  255 255 255 255  255 255 255 255  255 255 255 255  255 255 255 255  255 255 255 255  

0 0 0 0  0 0 0 0  0 0 0 0  0 0 0 0  0 0 0 0  0 0 0 0  0 0 0 0  0 0 0 0  
0 0 0 0  0 0 0 0  0 0 0 0  0 0 0 0  0 0 0 0  0 0 0 0  0 0 0 0  0 0 0 0  
0 0 0 0  0 0 0 0  0 0 0 0  0 0 0 0  0 0 0 0  0 0 0 0  0 0 0 0  0 0 0 0  
0 0 0 0  0 0 0 0  0 0 0 0  0 0 0 0  0 0 0 0  0 0 0 0  0 0 0 0  0 0 0 0  
0 0 0 0  0 0 0 0  0 0 0 0  0 0 0 0  0 0 0 0  0 0 0 0  0 0 0 0  0 0 0 0  
0 0 0 0  0 0 0 0  0 0 0 0  0 0 0 0  0 0 0 0  0 0 0 0  0 0 0 0  0 0 0 0  
0 0 0 0  0 0 0 0  0 0 0 0  0 0 0 0  0 0 0 0  0 0 0 0  0 0 0 0  0 0 0 0  
0 0 0 0  0 0 0 0  0 0 0 0  0 0 0 0  0 0 0 0  0 0 0 0  0 0 0 0  0 0 0 0  

0 0 0 0  0 0 0 0  0 0 0 0  0 0 0 0  0 0 0 0  0 0 0 0  0 0 0 0  0 0 0 0  
0 0 0 0  0 0 0 0  0 0 0 0  0 0 0 0  0 0 0 0  0 0 0 0  0 0 0 0  0 0 0 0  
0 0 0 0  0 0 0 0  0 0 0 0  0 0 0 0  0 0 0 0  0 0 0 0  0 0 0 0  0 0 0 0  
0 0 0 0  0 0 0 0  0 0 0 0  0 0 0 0  0 0 0 0  0 0 0 0  0 0 0 0  0 0 0 0  
0 0 0 0  0 0 0 0  0 0 0 0  0 0 0 0  0 0 0 0  0 0 0 0  0 0 0 0  0 0 0 0  
0 0 0 0  0 0 0 0  0 0 0 0  0 0 0 0  0 0 0 0  0 0 0 0  0 0 0 0  0 0 0 0  
0 0 0 0  0 0 0 0  0 0 0 0  0 0 0 0  0 0 0 0  0 0 0 0  0 0 0 0  0 0 0 0  
0 0 0 0  0 0 0 0  0 0 0 0  0 0 0 0  0 0 0 0  0 0 0 0  0 0 0 0  0 0 0 0  

0 0 0 95  0 0 0 95  0 0 0 0  0 0 0 95  0 0 0 95  0 0 0 0  0 0 0 95  0 0 0 95  
0 0 0 95  0 0 0 95  0 0 0 0  0 0 0 95  0 0 0 95  0 0 0 0  0 0 0 95  0 0 0 95  
0 0 0 0  0 0 0 0  0 0 0 0  0 0 0 0  0 0 0 0  0 0 0 0  0 0 0 0  0 0 0 0  
0 0 0 95  0 0 0 95  0 0 0 0  0 0 0 127  0 0 0 127  0 0 0 0  0 0 0 95  0 0 0 95  
0 0 0 95  0 0 0 95  0 0 0 0  0 0 0 127  0 0 0 127  0 0 0 0  0 0 0 95  0 0 0 95  
0 0 0 0  0 0 0 0  0 0 0 0  0 0 0 0  0 0 0 0  0 0 0 0  0 0 0 0  0 0 0 0  
0 0 0 95  0 0 0 95  0 0 0 0  0 0 0 95  0 0 0 95  0 0 0 0  0 0 0 95  0 0 0 95  
0 0 0 95  0 0 0 95  0 0 0 0  0 0 0 95  0 0 0 95  0 0 0 0  0 0 0 95  0 0 0 95  

0 0 0 0  0 0 0 0  0 0 0 0  0 0 0 0  0 0 0 0  0 0 0 0  0 0 0 0  0 0 0 0  
0 0 0 0  0 0 0 0  0 0 0 0  0 0 0 0  0 0 0 0  0 0 0 0  0 0 0 0  0 0 0 0  
0 0 0 0  0 0 0 0  0 0 0 0  0 0 0 0  0 0 0 0  0 0 0 0  0 0 0 0  0 0 0 0  
0 0 0 0  0 0 0 0  0 0 0 0  0 0 0 0  0 0 0 0  0 0 0 0  0 0 0 0  0 0 0 0  
0 0 0 0  0 0 0 0  0 0 0 0  0 0 0 0  0 0 0 0  0 0 0 0  0 0 0 0  0 0 0 0  
0 0 0 0  0 0 0 0  0 0 0 0  0 0 0 0  0 0 0 0  0 0 0 0  0 0 0 0  0 0 0 0  
0 0 0 0  0 0 0 0  0 0 0 0  0 0 0 0  0 0 0 0  0 0 0 0  0 0 0 0  0 0 0 0  
0 0 0 0  0 0 0 0  0 0 0 0  0 0 0 0  0 0 0 0  0 0 0 0  0 0 0 0  0 0 0 0  

0 0 0 0  0 0 0 0  0 0 0 0  0 0 0 0  0 0 0 0  0 0 0 0  0 0 0 0  0 0 0 0  
0 0 0 0  0 0 0 0  0 0 0 0  0 0 0 0  0 0 0 0  0 0 0 0  0 0 0 0  0 0 0 0  
0 0 0 0  0 0 0 0  0 0 0 0  0 0 0 0  0 0 0 0  0 0 0 0  0 0 0 0  0 0 0 0  
0 0 0 0  0 0 0 0  0 0 0 0  0 0 0 0  0 0 0 0  0 0 0 0  0 0 0 0  0 0 0 0  
0 0 0 0  0 0 0 0  0 0 0 0  0 0 0 0  0 0 0 0  0 0 0 0  0 0 0 0  0 0 0 0  
0 0 0 0  0 0 0 0  0 0 0 0  0 0 0 0  0 0 0 0  0 0 0 0  0 0 0 0  0 0 0 0  
0 0 0 0  0 0 0 0  0 0 0 0  0 0 0 0  0 0 0 0  0 0 0 0  0 0 0 0  0 0 0 0  
0 0 0 0  0 0 0 0  0 0 0 0  0 0 0 0  0 0 0 0  0 0 0 0  0 0 0 0  0 0 0 0  

0 0 0 255  0 0 0 255  0 0 0 255  0 0 0 255  0 0 0 255  0 0 0 255  0 0 0 255  0 0 0 255  
0 0 0 255  0 0 0 255  0 0 0 255  0 0 0 255  0 0 0 255  0 0 0 255  0 0 0 255  0 0 0 255  
0 0 0 255  0 0 0 255  0 0 0 255  0 0 0 255  0 0 0 255  0 0 0 255  0 0 0 255  0 0 0 255  
0 0 0 255  0 0 0 255  0 0 0 255  0 0 0 255  0 0 0 255  0 0 0 255  0 0 0 255  0 0 0 255  
0 0 0 255  0 0 0 255  0 0 0 255  0 0 0 255  0 0 0 255  0 0 0 255  0 0 0 255  0 0 0 255  
0 0 0 255  0 0 0 255  0 0 0 255  0 0 0 255  0 0 0 255  0 0 0 255  0 0 0 255  0 0 0 255  
0 0 0 255  0 0 0 255  0 0 0 255  0 0 0 255  0 0 0 255  0 0 0 255  0 0 0 255  0 0 0 255  
0 0 0 255  0 0 0 255  0 0 0 255  0 0 0 255  0 0 0 255  0 0 0 255  0 0 0 255  0 0 0 255  

0 0 0 0  0 0 0 0  0 0 0 0  0 0 0 0  0 0 0 0  0 0 0 0  0 0 0 0  0 0 0 0  
0 0 0 0  0 0 0 0  0 0 0 0  0 0 0 0  0 0 0 0  0 0 0 0  0 0 0 0  0 0 0 0  
0 0 0 0  0 0 0 0  0 0 0 0  0 0 0 0  0 0 0 0  0 0 0 0  0 0 0 0  0 0 0 0  
0 0 0 0  0 0 0 0  0 0 0 0  0 0 0 0  0 0 0 0  0 0 0 0  0 0 0 0  0 0 0 0  
0 0 0 0  0 0 0 0  0 0 0 0  0 0 0 0  0 0 0 0  0 0 0 0  0 0 0 0  0 0 0 0  
0 0 0 0  0 0 0 0  0 0 0 0  0 0 0 0  0 0 0 0  0 0 0 0  0 0 0 0  0 0 0 0  
0 0 0 0  0 0 0 0  0 0 0 0  0 0 0 0  0 0 0 0  0 0 0 0  0 0 0 0  0 0 0 0  
0 0 0 0  0 0 0 0  0 0 0 0  0 0 0 0  0 0 0 0  0 0 0 0  0 0 0 0  0 0 0 0  

0 0 0 0  0 0 0 0  0 0 0 0  0 0 0 0  0 0 0 0  0 0 0 0  0 0 0 0  0 0 0 0  
0 0 0 0  0 0 0 0  0 0 0 0  0 0 0 0  0 0 0 0  0 0 0 0  0 0 0 0  0 0 0 0  
0 0 0 0  0 0 0 0  0 0 0 0  0 0 0 0  0 0 0 0  0 0 0 0  0 0 0 0  0 0 0 0  
0 0 0 0  0 0 0 0  0 0 0 0  0 0 0 0  0 0 0 0  0 0 0 0  0 0 0 0  0 0 0 0  
0 0 0 0  0 0 0 0  0 0 0 0  0 0 0 0  0 0 0 0  0 0 0 0  0 0 0 0  0 0 0 0  
0 0 0 0  0 0 0 0  0 0 0 0  0 0 0 0  0 0 0 0  0 0 0 0  0 0 0 0  0 0 0 0  
0 0 0 0  0 0 0 0  0 0 0 0  0 0 0 0  0 0 0 0  0 0 0 0  0 0 0 0  0 0 0 0  
0 0 0 0  0 0 0 0  0 0 0 0  0 0 0 0  0 0 0 0  0 0 0 0  0 0 0 0  0 0 0 0  

0 0 0 191  0 0 0 191  0 0 0 191  0 0 0 191  0 0 0 191  0 0 0 191  0 0 0 191  0 0 0 95  
0 0 0 191  0 0 0 223  0 0 0 223  0 0 0 223  0 0 0 223  0 0 0 223  0 0 0 191  0 0 0 95  
0 0 0 191  0 0 0 191  0 0 0 191  0 0 0 191  0 0 0 191  0 0 0 191  0 0 0 191  0 0 0 95  
0 0 0 95  0 0 0 95  0 0 0 95  0 0 0 95  0 0 0 95  0 0 0 95  0 0 0 95  0 0 0 95  
0 0 0 191  0 0 0 191  0 0 0 191  0 0 0 191  0 0 0 191  0 0 0 95  0 0 0 191  0 0 0 191  
0 0 0 223  0 0 0 223  0 0 0 223  0 0 0 223  0 0 0 191  0 0 0 95  0 0 0 191  0 0 0 223  
0 0 0 191  0 0 0 191  0 0 0 191  0 0 0 191  0 0 0 191  0 0 0 95  0 0 0 191  0 0 0 191  
0 0 0 95  0 0 0 95  0 0 0 95  0 0 0 95  0 0 0 95  0 0 0 95  0 0 0 95  0 0 0 95  

0 0 0 0  0 0 0 0  0 0 0 0  0 0 0 0  0 0 0 0  0 0 0 0  0 0 0 0  0 0 0 0  
0 0 0 0  0 0 0 0  0 0 0 0  0 0 0 0  0 0 0 0  0 0 0 0  0 0 0 0  0 0 0 0  
0 0 0 0  0 0 0 0  0 0 0 0  0 0 0 0  0 0 0 0  0 0 0 0  0 0 0 0  0 0 0 0  
0 0 0 0  0 0 0 0  0 0 0 0  0 0 0 0  0 0 0 0  0 0 0 0  0 0 0 0  0 0 0 0  
0 0 0 0  0 0 0 0  0 0 0 0  0 0 0 0  0 0 0 0  0 0 0 0  0 0 0 0  0 0 0 0  
0 0 0 0  0 0 0 0  0 0 0 0  0 0 0 0  0 0 0 0  0 0 0 0  0 0 0 0  0 0 0 0  
0 0 0 0  0 0 0 0  0 0 0 0  0 0 0 0  0 0 0 0  0 0 0 0  0 0 0 0  0 0 0 0  
0 0 0 0  0 0 0 0  0 0 0 0  0 0 0 0  0 0 0 0  0 0 0 0  0 0 0 0  0 0 0 0  

0 0 0 0  0 0 0 0  0 0 0 0  0 0 0 0  0 0 0 0  0 0 0 0  0 0 0 0  0 0 0 0  
0 0 0 0  0 0 0 0  0 0 0 0  0 0 0 0  0 0 0 0  0 0 0 0  0 0 0 0  0 0 0 0  
0 0 0 0  0 0 0 0  0 0 0 0  0 0 0 0  0 0 0 0  0 0 0 0  0 0 0 0  0 0 0 0  
0 0 0 0  0 0 0 0  0 0 0 0  0 0 0 0  0 0 0 0  0 0 0 0  0 0 0 0  0 0 0 0  
0 0 0 0  0 0 0 0  0 0 0 0  0 0 0 0  0 0 0 0  0 0 0 0  0 0 0 0  0 0 0 0  
0 0 0 0  0 0 0 0  0 0 0 0  0 0 0 0  0 0 0 0  0 0 0 0  0 0 0 0  0 0 0 0  
0 0 0 0  0 0 0 0  0 0 0 0  0 0 0 0  0 0 0 0  0 0 0 0  0 0 0 0  0 0 0 0  
0 0 0 0  0 0 0 0  0 0 0 0  0 0 0 0  0 0 0 0  0 0 0 0  0 0 0 0  0 0 0 0  

0 0 0 95  0 0 0 95  0 0 0 0  0 0 0 127  0 0 0 127  0 0 0 0  0 0 0 95  0 0 0 95  
0 0 0 95  0 0 0 0  0 0 0 0  0 0 0 127  0 0 0 127  0 0 0 0  0 0 0 0  0 0 0 95  
0 0 0 0  0 0 0 0  0 0 0 127  0 0 0 127  0 0 0 127  0 0 0 127  0 0 0 0  0 0 0 0  
0 0 0 127  0 0 0 127  0 0 0 127  0 0 0 79  0 0 0 79  0 0 0 127  0 0 0 127  0 0 0 127  
0 0 0 127  0 0 0 127  0 0 0 127  0 0 0 79  0 0 0 79  0 0 0 127  0 0 0 127  0 0 0 127  
0 0 0 0  0 0 0 0  0 0 0 127  0 0 0 127  0 0 0 127  0 0 0 127  0 0 0 0  0 0 0 0  
0 0 0 95  0 0 0 0  0 0 0 0  0 0 0 127  0 0 0 127  0 0 0 0  0 0 0 0  0 0 0 95  
0 0 0 95  0 0 0 95  0 0 0 0  0 0 0 127  0 0 0 127  0 0 0 0  0 0 0 95  0 0 0 95  

0 0 0 0  0 0 0 0  0 0 0 0  0 0 0 0  0 0 0 0  0 0 0 0  0 0 0 0  0 0 0 0  
0 0 0 0  0 0 0 0  0 0 0 0  0 0 0 0  0 0 0 0  0 0 0 0  0 0 0 0  0 0 0 0  
0 0 0 0  0 0 0 0  0 0 0 0  0 0 0 0  0 0 0 0  0 0 0 0  0 0 0 0  0 0 0 0  
0 0 0 0  0 0 0 0  0 0 0 0  0 0 0 0  0 0 0 0  0 0 0 0  0 0 0 0  0 0 0 0  
0 0 0 0  0 0 0 0  0 0 0 0  0 0 0 0  0 0 0 0  0 0 0 0  0 0 0 0  0 0 0 0  
0 0 0 0  0 0 0 0  0 0 0 0  0 0 0 0  0 0 0 0  0 0 0 0  0 0 0 0  0 0 0 0  
0 0 0 0  0 0 0 0  0 0 0 0  0 0 0 0  0 0 0 0  0 0 0 0  0 0 0 0  0 0 0 0  
0 0 0 0  0 0 0 0  0 0 0 0  0 0 0 0  0 0 0 0  0 0 0 0  0 0 0 0  0 0 0 0  

0 0 0 0  0 0 0 0  0 0 0 0  0 0 0 0  0 0 0 0  0 0 0 0  0 0 0 0  0 0 0 0  
0 0 0 0  0 0 0 0  0 0 0 0  0 0 0 0  0 0 0 0  0 0 0 0  0 0 0 0  0 0 0 0  
0 0 0 0  0 0 0 0  0 0 0 0  0 0 0 0  0 0 0 0  0 0 0 0  0 0 0 0  0 0 0 0  
0 0 0 0  0 0 0 0  0 0 0 0  0 0 0 0  0 0 0 0  0 0 0 0  0 0 0 0  0 0 0 0  
0 0 0 0  0 0 0 0  0 0 0 0  0 0 0 0  0 0 0 0  0 0 0 0  0 0 0 0  0 0 0 0  
0 0 0 0  0 0 0 0  0 0 0 0  0 0 0 0  0 0 0 0  0 0 0 0  0 0 0 0  0 0 0 0  
0 0 0 0  0 0 0 0  0 0 0 0  0 0 0 0  0 0 0 0  0 0 0 0  0 0 0 0  0 0 0 0  
0 0 0 0  0 0 0 0  0 0 0 0  0 0 0 0  0 0 0 0  0 0 0 0  0 0 0 0  0 0 0 0  

255 255 255 255  255 255 255 255  255 255 255 255  255 255 255 255   255 255 255 255  255 255 255 255  255 255 255 255  255 255 255 255   255 255 255 255  0 0 0 255  0 0 0 255  0 0 0 255   0 0 0 255  0 0 0 255  0 0 0 255  0 0 0 255   
255 255 255 255  0 0 0 255  0 0 0 255  0 0 0 255   0 0 0 255  0 0 0 255  0 0 0 255  0 0 0 255   0 0 0 255  0 0 0 255  0 0 0 255  0 0 0 255   0 0 0 255  0 0 0 255  0 0 0 255  0 0 0 255   
255 255 255 255  0 0 0 255  0 0 0 255  0 0 0 255   0 0 0 255  0 0 0 255  0 0 0 255  0 0 0 255   0 0 0 255  0 0 0 255  0 0 0 255  0 0 0 255   0 0 0 255  0 0 0 255  0 0 0 255  0 0 0 255   
255 255 255 255  0 0 0 255  0 0 0 255  0 0 0 255   0 0 0 255  0 0 0 255  0 0 0 255  0 0 0 255   0 0 0 255  0 0 0 255  0 0 0 255  0 0 0 255   0 0 0 255  0 0 0 255  0 0 0 255  0 0 0 255   

0 0 0 0  0 0 0 0  0 0 0 0  0 0 0 0   0 0 0 0  0 0 0 0  0 0 0 0  0 0 0 0   0 0 0 0  0 0 0 0  0 0 0 0  0 0 0 0   0 0 0 0  0 0 0 0  0 0 0 0  0 0 0 0   
0 0 0 0  0 0 0 0  0 0 0 0  0 0 0 0   0 0 0 0  0 0 0 0  0 0 0 0  0 0 0 0   0 0 0 0  0 0 0 0  0 0 0 0  0 0 0 0   0 0 0 0  0 0 0 0  0 0 0 0  0 0 0 0   
0 0 0 0  0 0 0 0  0 0 0 0  0 0 0 0   0 0 0 0  0 0 0 0  0 0 0 0  0 0 0 0   0 0 0 0  0 0 0 0  0 0 0 0  0 0 0 0   0 0 0 0  0 0 0 0  0 0 0 0  0 0 0 0   
0 0 0 0  0 0 0 0  0 0 0 0  0 0 0 0   0 0 0 0  0 0 0 0  0 0 0 0  0 0 0 0   0 0 0 0  0 0 0 0  0 0 0 0  0 0 0 0   0 0 0 0  0 0 0 0  0 0 0 0  0 0 0 0   

0 0 0 0  0 0 0 0  0 0 0 0  0 0 0 0   0 0 0 0  0 0 0 0  0 0 0 0  0 0 0 0   0 0 0 0  0 0 0 0  0 0 0 0  0 0 0 0   0 0 0 0  0 0 0 0  0 0 0 0  0 0 0 0   
0 0 0 0  0 0 0 0  0 0 0 0  0 0 0 0   0 0 0 0  0 0 0 0  0 0 0 0  0 0 0 0   0 0 0 0  0 0 0 0  0 0 0 0  0 0 0 0   0 0 0 0  0 0 0 0  0 0 0 0  0 0 0 0   
0 0 0 0  0 0 0 0  0 0 0 0  0 0 0 0   0 0 0 0  0 0 0 0  0 0 0 0  0 0 0 0   0 0 0 0  0 0 0 0  0 0 0 0  0 0 0 0   0 0 0 0  0 0 0 0  0 0 0 0  0 0 0 0   
0 0 0 0  0 0 0 0  0 0 0 0  0 0 0 0   0 0 0 0  0 0 0 0  0 0 0 0  0 0 0 0   0 0 0 0  0 0 0 0  0 0 0 0  0 0 0 0   0 0 0 0  0 0 0 0  0 0 0 0  0 0 0 0   

0 0 0 0  0 0 0 0  0 0 0 0  0 0 0 0   0 0 0 0  0 0 0 0  0 0 0 0  0 0 0 0   0 0 0 0  0 0 0 0  0 0 0 0  0 0 0 0   0 0 0 0  0 0 0 0  0 0 0 0  0 0 0 0   
0 0 0 0  0 0 0 0  0 0 0 0  0 0 0 0   0 0 0 0  0 0 0 0  0 0 0 0  0 0 0 0   0 0 0 0  0 0 0 0  0 0 0 0  0 0 0 0   0 0 0 0  0 0 0 0  0 0 0 0  0 0 0 0   
0 0 0 0  0 0 0 0  0 0 0 0  0 0 0 0   0 0 0 0  0 0 0 0  0 0 0 0  0 0 0 0   0 0 0 0  0 0 0 0  0 0 0 0  0 0 0 0   0 0 0 0  0 0 0 0  0 0 0 0  0 0 0 0   
0 0 0 0  0 0 0 0  0 0 0 0  0 0 0 0   0 0 0 0  0 0 0 0  0 0 0 0  0 0 0 0   0 0 0 0  0 0 0 0  0 0 0 0  0 0 0 0   0 0 0 0  0 0 0 0  0 0 0 0  0 0 0 0   

0 0 0 0  0 0 0 0  0 0 0 0  0 0 0 0   0 0 0 0  0 0 0 0  0 0 0 0  0 0 0 0   0 0 0 0  0 0 0 0  0 0 0 0  0 0 0 0   0 0 0 0  0 0 0 0  0 0 0 0  0 0 0 0   
0 0 0 0  0 0 0 0  0 0 0 0  0 0 0 0   0 0 0 0  0 0 0 0  0 0 0 0  0 0 0 0   0 0 0 0  0 0 0 0  0 0 0 0  0 0 0 0   0 0 0 0  0 0 0 0  0 0 0 0  0 0 0 0   
0 0 0 0  0 0 0 0  0 0 0 0  0 0 0 0   0 0 0 0  0 0 0 0  0 0 0 0  0 0 0 0   0 0 0 0  0 0 0 0  0 0 0 0  0 0 0 0   0 0 0 0  0 0 0 0  0 0 0 0  0 0 0 0   
0 0 0 0  0 0 0 0  0 0 0 0  0 0 0 0   0 0 0 0  0 0 0 0  0 0 0 0  0 0 0 0   0 0 0 0  0 0 0 0  0 0 0 0  0 0 0 0   0 0 0 0  0 0 0 0  0 0 0 0  0 0 0 0   


255 191 0 127 
158 0 0 223 
50
0
0 0
-25 1


1 255 255 0
0 0 0 0
0 0 0 0
0 0 0 0
0 0 0 0
0 0 0 0
0 0 0 0
0 0 0 0
1 255 127 127
0 0 0 0
0 0 0 0
0 0 0 0
0 0 0 0
0 0 0 0
0 0 0 0
0 0 0 0
1 255 0 255
0 0 0 0
0 0 0 0
0 0 0 0
0 0 0 0
0 0 0 0
0 0 0 0
0 0 0 0
1 127 127 255
0 0 0 0
0 0 0 0
0 0 0 0
0 0 0 0
0 0 0 0
0 0 0 0
0 0 0 0
1 0 255 255
0 0 0 0
0 0 0 0
0 0 0 0
0 0 0 0
0 0 0 0
0 0 0 0
0 0 0 0
1 127 255 127
0 0 0 0
0 0 0 0
0 0 0 0
0 0 0 0
0 0 0 0
0 0 0 0
0 0 0 0
1 255 255 0
0 0 0 0
0 0 0 0
0 0 0 0
0 0 0 0
0 0 0 0
0 0 0 0
0 0 0 0
1 255 127 127
0 0 0 0
0 0 0 0
0 0 0 0
0 0 0 0
0 0 0 0
0 0 0 0
0 0 0 0
1 255 0 255
0 0 0 0
0 0 0 0
0 0 0 0
0 0 0 0
0 0 0 0
0 0 0 0
0 0 0 0
1 127 127 255
0 0 0 0
0 0 0 0
0 0 0 0
0 0 0 0
0 0 0 0
0 0 0 0
1 0 255 255

